1132227.2
728278.567707
104978.792517
210962.850876
114573.825687
91212.1646372
98364.5295841
33038.767742
79752.7061079
8896.39190156
58314.9622869
23783.2597691
34152.1831627
31596.7934907
10949.5057405
27069.613591
2374.80504508
18157.6015818
10540.3772237
8632.3402389
12780.3729922
2170.28187417
8633.42913804
7051.73288173
4318.84421895
7401.91898156
2288.55692394
7320.26259161
4684.87375817
6222.273369
5052.78856166
5207.04453532
5862.38543794
5085.49657113
6345.18842362
4018.80182127
6176.38348908
3789.0976411
5579.09502953
5572.77505058
2449.08728181
5917.83546314
1762.52314411
4681.87225614
2678.50443814
3260.19015396
3453.68448558
1153.69701328
3668.43913732
953.111292081
2707.12411101
1104.13479716
2159.83092075
1960.66721043
1040.63715344
2784.68862274
749.655314752
1074.58677303
902.556915553
493.394402699
907.034057921
495.849802026
461.54951149
828.168637061
845.559386218
353.522071475
984.191933093
2202.90917352
1561.43217549
877.138444028
1501.5366089
1377.09602981
1013.39865142
941.292215826
692.688965572
591.400016541
547.866979477
860.301980315
273.550986697
571.130451921
370.724076216
741.094763789
127.26828932
778.955010894
1081.31068535
254.247266214
910.947698596
651.993357512
319.15522139
226.296546049
328.266020697
224.650779337
625.568097642
508.853554814
918.966316314
364.052203752
484.369629869
258.2109983
624.547583203
508.082088192
269.404489268
461.116389394
480.089513682
530.562523451
644.096544533
295.228031751
127.056091614
53.1460782624
590.072662697
657.406364171
291.233417978
274.485583836
477.819461194
560.761884687
90.6559639956
544.06936333
233.419429808
207.984103815
584.558674058
332.235651986
235.567868426
167.139317421
368.505108448
529.611462608
219.745288273
349.290719579
333.212023298
550.808986847
220.094171756
577.041961325
664.363393378
493.748318163
117.602600899
388.704346714
312.251005908
275.625676668
190.81505797
290.293833777
93.7015377254
549.137603342
307.894364615
401.769539453
407.685263621
192.429175929
312.649066397
349.733261173
325.412389375
85.5066494572
120.894877617
140.27468111
367.11126937
313.488399501
475.359006757
202.693526937
79.5575894439
291.043064152
430.320506562
195.605507776
215.390967341
62.3003599817
206.449124178
169.078269034
358.247644734
277.364061933
34.23730434
175.008757973
228.401006101
198.726081545
180.385155904
149.80283333
288.882844057
308.69745027
302.551767065
155.366916466
200.804223608
94.9492651065
151.017331533
237.132475802
172.415994329
170.216806031
171.893325074
159.83090535
99.5630655746
354.056511972
213.776623058
126.20036555
156.759696407
222.602505787
138.013612506
71.4412050966
298.822832423
448.393808195
194.296480759
92.1117856392
74.7961531503
126.280359598
294.685802844
71.2518716514
45.7868877739
124.300626598
87.9887978329
157.79254857
256.784666717
244.604630941
255.735221276
306.367250445
353.414800531
113.44612958
56.1365420031
101.215688069
274.413196809
142.335588723
161.512946335
240.776004865
338.805907952
109.347758648
108.214116955
138.036444502
115.024548787
126.674503669
326.864934915
64.0685561695
290.17286347
268.401827282
141.064311328
140.828046319
54.489807379
188.478709924
176.336470048
144.866771133
259.526075928
37.7974245871
102.124772056
238.189630726
396.965021511
445.782682963
113.413909285
140.72665312
39.4659664631
256.561560727
266.42550485
41.7779000942
208.191343396
27.7282139891
381.605852453
288.100643039
198.21247054
288.406158154
198.701761434
171.552972276
123.176822448
187.661910419
152.920588398
46.654935985
126.750230727
79.2806056509
53.7542566913
183.736895967
237.932518092
243.459160327
233.677786042
332.617581664
304.071014862
104.568760224
73.6259697147
102.524892887
203.069819782
232.852310856
181.109193241
78.7778472446
192.770468858
39.801255571
50.0191332816
263.454864459
44.8033916166
100.597801207
227.713604149
353.72325763
124.261954713
209.658996049
141.661096933
74.4986337401
50.7497248669
46.8738704819
166.439523366
59.3509588934
133.510549078
297.637536815
162.800516423
138.979649536
229.407417894
108.67705126
215.037864111
295.111596219
225.864570765
246.10737954
238.760769027
340.103015194
381.546600814
77.6246353829
224.640146372
323.236443883
67.0138379467
162.525062585
175.53508473
187.191793299
64.2430928369
133.720662423
331.134812028
87.483875886
266.83397215
285.729539815
140.309457151
32.244855655
68.0365634073
530.657597228
306.244878833
210.374483619
263.604939913
236.529657016
112.959732442
122.880642472
124.997616509
301.49448507
106.931313866
20.2132284028
209.526100877
192.896411994
354.800688218
298.720055235
128.665499018
383.442777003
440.90273944
151.192076926
333.094076379
487.54038056
268.975819496
286.208585122
224.220085129
348.677186242
126.985433832
182.285929243
331.100624086
319.733340099
521.872534646
440.663823788
262.483923537
507.681475169
437.973529581
354.866250561
287.903085685
425.871776765
123.720820214
313.753299041
190.522569114
136.437760312
261.879691547
428.75135556
291.287539194
279.345905458
286.811001992
499.443060439
476.871770573
502.287139679
678.115284596
872.436945406
650.428069626
964.290888871
892.41818344
858.488087816
911.680628762
993.99793313
967.588540253
1151.59478538
1213.44845865
1077.05503914
1142.74782422
1076.74497692
934.650231353
1146.12626716
957.119082369
1029.14289832
690.940822234
520.706967247
513.572600776
385.790966171
339.924734118
235.648406943
352.449495547
682.76221023
891.543631512
843.237455555
970.174388633
1161.93730345
1214.54275131
1242.1350976
1160.45674022
1112.55015214
1227.33192737
945.694811862
919.262971136
793.447502429
636.658649555
631.636680131
804.533822034
748.704035299
856.312548286
1105.72850769
864.844064079
1124.32649839
970.698077581
871.367753031
654.034105315
700.479660169
587.366365244
505.713644559
634.645774001
611.612143141
655.972230771
814.242374762
514.641240968
528.993670767
334.392401166
416.183424081
592.519480763
439.677949303
460.717924488
525.448761207
506.599483991
456.892884123
552.364770094
611.370083144
409.195295447
249.804529553
151.798459193
124.431377698
328.370460301
201.908205568
424.789605771
332.487552054
233.530919611
153.021909014
163.184404219
371.882973042
340.711184036
479.980458536
138.919114342
209.345216465
169.589225982
270.749891075
291.12292185
272.206585597
333.285368668
326.007857237
153.89832614
383.784228643
420.936497169
190.597947923
414.03084057
338.434567287
276.499347326
507.325658723
342.200268201
433.21097299
315.110980476
374.442865444
345.938691987
573.108645874
533.441537567
454.846184372
440.226010451
82.5173847641
698.882717907
582.90248801
241.747545484
477.944384414
382.770370799
245.458150438
395.726219005
227.768927237
337.197241743
189.099495009
206.648538535
517.069535364
263.066188158
271.306508326
219.072565997
252.546565685
275.828704331
393.149025631
569.583294056
400.824108257
150.572827946
321.254117069
117.169415042
195.875601608
107.874705841
244.195482191
434.111066092
115.831565831
368.448158732
116.955077126
110.849981915
144.714090951
123.991862247
211.969791862
123.057238582
208.51337895
58.2856918721
116.428226458
95.5144757844
146.740752535
146.740752535
95.5144757844
116.428226458
58.2856918721
208.51337895
123.057238582
211.969791862
123.991862247
144.714090951
110.849981915
116.955077126
368.448158732
115.831565831
434.111066092
244.195482191
107.874705841
195.875601608
117.169415041
321.254117069
150.572827946
400.824108257
569.583294055
393.149025631
275.828704331
252.546565685
219.072565997
271.306508326
263.066188158
517.069535364
206.648538535
189.099495009
337.197241743
227.768927237
395.726219005
245.458150438
382.770370799
477.944384414
241.747545484
582.90248801
698.882717907
82.517384764
440.226010451
454.846184372
533.441537567
573.108645874
345.938691987
374.442865444
315.110980476
433.21097299
342.200268201
507.325658723
276.499347326
338.434567287
414.03084057
190.597947923
420.936497169
383.784228643
153.89832614
326.007857237
333.285368668
272.206585597
291.12292185
270.749891075
169.589225982
209.345216465
138.919114342
479.980458536
340.711184036
371.882973042
163.184404219
153.021909014
233.530919611
332.487552054
424.789605771
201.908205568
328.370460301
124.431377698
151.798459193
249.804529553
409.195295447
611.370083144
552.364770094
456.892884123
506.599483991
525.448761207
460.717924488
439.677949303
592.519480763
416.183424081
334.392401166
528.993670767
514.641240968
814.242374762
655.972230771
611.612143141
634.645774001
505.713644559
587.366365244
700.479660169
654.034105315
871.367753031
970.698077581
1124.32649839
864.844064079
1105.72850769
856.312548286
748.704035299
804.533822034
631.636680131
636.658649555
793.447502429
919.262971136
945.694811862
1227.33192737
1112.55015214
1160.45674022
1242.1350976
1214.54275131
1161.93730345
970.174388633
843.237455555
891.543631512
682.76221023
352.449495548
235.648406943
339.924734118
385.790966171
513.572600776
520.706967247
690.940822234
1029.14289832
957.119082369
1146.12626716
934.650231353
1076.74497692
1142.74782422
1077.05503914
1213.44845865
1151.59478538
967.588540253
993.99793313
911.680628762
858.488087816
892.41818344
964.290888871
650.428069626
872.436945406
678.115284596
502.287139679
476.871770573
499.443060439
286.811001992
279.345905458
291.287539194
428.75135556
261.879691547
136.437760312
190.522569114
313.753299041
123.720820214
425.871776765
287.903085685
354.866250561
437.973529581
507.681475169
262.483923537
440.663823788
521.872534646
319.733340099
331.100624086
182.285929243
126.985433833
348.677186242
224.220085129
286.208585122
268.975819496
487.54038056
333.094076379
151.192076926
440.90273944
383.442777004
128.665499018
298.720055235
354.800688218
192.896411994
209.526100877
20.2132284028
106.931313866
301.49448507
124.997616509
122.880642472
112.959732442
236.529657016
263.604939913
210.374483619
306.244878833
530.657597228
68.0365634073
32.2448556549
140.309457151
285.729539815
266.83397215
87.483875886
331.134812028
133.720662423
64.2430928369
187.191793299
175.53508473
162.525062585
67.0138379467
323.236443883
224.640146372
77.624635383
381.546600814
340.103015194
238.760769027
246.10737954
225.864570765
295.111596219
215.037864111
108.67705126
229.407417894
138.979649537
162.800516423
297.637536815
133.510549078
59.3509588934
166.439523366
46.873870482
50.7497248669
74.4986337401
141.661096933
209.658996049
124.261954713
353.72325763
227.713604149
100.597801207
44.8033916166
263.454864459
50.0191332816
39.801255571
192.770468858
78.7778472446
181.109193241
232.852310856
203.069819782
102.524892886
73.6259697147
104.568760224
304.071014862
332.617581664
233.677786041
243.459160327
237.932518092
183.736895967
53.7542566914
79.2806056509
126.750230727
46.654935985
152.920588398
187.661910419
123.176822448
171.552972276
198.701761434
288.406158154
198.21247054
288.100643039
381.605852453
27.728213989
208.191343396
41.7779000941
266.42550485
256.561560726
39.465966463
140.72665312
113.413909285
445.782682963
396.965021511
238.189630726
102.124772057
37.7974245871
259.526075928
144.866771133
176.336470048
188.478709924
54.489807379
140.828046319
141.064311328
268.401827282
290.17286347
64.0685561695
326.864934915
126.674503669
115.024548787
138.036444502
108.214116955
109.347758648
338.805907952
240.776004865
161.512946335
142.335588723
274.413196809
101.215688069
56.1365420031
113.44612958
353.414800532
306.367250445
255.735221276
244.604630941
256.784666717
157.79254857
87.9887978329
124.300626598
45.7868877739
71.2518716511
294.685802844
126.280359598
74.7961531503
92.1117856391
194.296480759
448.393808195
298.822832423
71.4412050966
138.013612506
222.602505787
156.759696407
126.20036555
213.776623058
354.056511972
99.5630655746
159.83090535
171.893325074
170.216806031
172.415994329
237.132475802
151.017331533
94.9492651066
200.804223608
155.366916466
302.551767065
308.69745027
288.882844057
149.80283333
180.385155904
198.726081545
228.401006101
175.008757973
34.2373043397
277.364061933
358.247644734
169.078269034
206.449124178
62.3003599816
215.390967341
195.605507776
430.320506562
291.043064152
79.5575894439
202.693526937
475.359006757
313.488399501
367.11126937
140.27468111
120.894877617
85.5066494572
325.412389375
349.733261173
312.649066397
192.429175929
407.685263621
401.769539453
307.894364615
549.137603342
93.7015377254
290.293833777
190.81505797
275.625676668
312.251005908
388.704346714
117.602600899
493.748318162
664.363393378
577.041961325
220.094171756
550.808986847
333.212023298
349.290719579
219.745288273
529.611462608
368.505108448
167.139317421
235.567868426
332.235651986
584.558674058
207.984103815
233.419429808
544.06936333
90.6559639956
560.761884687
477.819461194
274.485583836
291.233417978
657.406364171
590.072662697
53.1460782624
127.056091614
295.228031751
644.096544533
530.562523452
480.089513683
461.116389394
269.404489268
508.082088192
624.547583203
258.2109983
484.369629869
364.052203752
918.966316314
508.853554814
625.568097642
224.650779337
328.266020697
226.296546049
319.15522139
651.993357512
910.947698596
254.247266214
1081.31068535
778.955010894
127.26828932
741.094763789
370.724076216
571.130451921
273.550986697
860.301980315
547.866979477
591.400016541
692.688965572
941.292215826
1013.39865142
1377.09602981
1501.5366089
877.138444028
1561.43217549
2202.90917352
984.191933093
353.522071476
845.559386218
828.168637061
461.54951149
495.849802026
907.034057921
493.394402699
902.556915553
1074.58677303
749.655314752
2784.68862274
1040.63715344
1960.66721043
2159.83092075
1104.13479716
2707.12411101
953.111292081
3668.43913732
1153.69701328
3453.68448558
3260.19015396
2678.50443814
4681.87225614
1762.52314411
5917.83546314
2449.08728181
5572.77505058
5579.09502953
3789.0976411
6176.38348908
4018.80182127
6345.18842362
5085.49657113
5862.38543794
5207.04453532
5052.78856166
6222.273369
4684.87375817
7320.26259161
2288.55692394
7401.91898156
4318.84421895
7051.73288173
8633.42913804
2170.28187417
12780.3729922
8632.3402389
10540.3772237
18157.6015818
2374.80504508
27069.613591
10949.5057405
31596.7934907
34152.1831627
23783.2597691
58314.9622869
8896.39190156
79752.7061079
33038.767742
98364.5295841
91212.1646372
114573.825687
210962.850876
104978.792517
728278.567707
