0.0
-2.68220885571
-5.67238321272
-4.72296412864
-7.53958140101
-6.86531375288
-9.61711387451
-8.78865070703
-11.7333953366
-8.80268963211
-7.52929258077
-10.2408532157
-9.629195324
-12.3351414972
-11.8320799781
-14.3840653053
-16.1025830336
-16.4939502047
-18.9125980565
-18.8137535356
-20.9887644777
-22.2964851654
-23.1427495667
-25.5620369204
-25.9354328971
-27.9368982518
-28.9857128537
-30.4405888344
-32.4114337394
-33.0184827899
-34.8456528053
-35.6466165318
-37.4914045645
-38.319965075
-39.8964619367
-40.8110633494
-42.2618883078
-43.8403586661
-44.5257016453
-46.4121966553
-46.5947705285
-48.5052876087
-50.5497956237
-50.597353911
-52.7652182665
-52.4217636818
-54.9293777849
-53.2983353866
-50.2305844925
-52.848463248
-51.933322858
-54.1498562182
-54.2334109139
-56.7647287377
-56.0211874696
-58.3407307095
-61.0039429368
-60.3104830926
-63.1701751785
-63.1275785614
-65.2420300254
-62.3568744615
-65.4670935362
-62.9738369308
-65.1644484487
-66.4906744895
-67.4724115899
-69.4366412551
-71.7391260208
-69.8836727081
-72.9031143526
-69.7950514924
-66.6964980226
-69.3037179676
-70.4998715905
-71.7185602293
-72.4015922079
-74.638556334
-76.7139270845
-75.9215235967
-76.6336194168
-78.1278048349
-80.582234683
-79.9627744437
-82.5387210904
-81.0991996979
-83.9653826797
-81.0541369898
-83.8664258087
-84.8726622386
-87.7475906251
-85.3997731039
-82.4721139164
-80.4485008862
-82.9948124664
-83.8863018797
-85.2849390789
-87.6084995175
-88.057232483
-90.1669050092
-89.1797256434
-91.9638573382
-89.3907397913
-92.3744550556
-94.9540862212
-96.4722368723
-98.1599765436
-98.9606323942
-100.900855759
-102.774337857
-104.060566763
-105.431710595
-106.917188148
-108.274642571
-106.551849489
-109.003134915
-111.621415079
-112.154241127
-113.886322564
-115.3275341
-116.511613975
-118.908082982
-119.19523789
-121.24664142
-118.355714434
-115.651261693
-118.132774444
-119.804725407
-121.629134905
-120.84309127
-123.311632827
-125.939823184
-127.655922997
-127.326222994
-129.653578613
-132.012438154
-134.87235642
-132.603568614
-131.12104997
-133.59542914
-135.628419102
-137.18231972
-139.062395075
-140.307429321
-141.551848063
-144.444523787
-146.423130008
-148.425784268
-146.100811404
-144.422938444
-146.784571825
-149.871775175
-151.968335137
-153.18799111
-153.09495506
-155.383919201
-158.050513943
-160.960428652
-157.95654747
-156.203399612
-158.505781475
-159.956951661
-157.180238775
-159.408755305
-157.529296777
-155.033965608
-157.434820887
-159.366585845
-157.054082404
-160.186092556
-157.690295988
-154.753896325
-157.84882177
-157.578712484
-159.996873413
-162.700700863
-162.572594261
-164.690344395
-164.754061486
-167.75369012
-170.477522642
-170.52948872
-173.170221899
-170.667564906
-173.065519741
-170.66580144
-168.410726101
-170.592837949
-172.947138325
-170.46589973
-167.551322335
-170.151105532
-171.899871015
-172.719859265
-170.258657742
-168.160044333
-170.570781877
-171.186892059
-172.823519516
-175.263851796
-176.737891309
-177.191074786
-178.922120182
-181.369746196
-184.173562546
-181.291798184
-183.719685245
-180.754879281
-177.629007504
-178.96356492
-181.950422871
-183.960352093
-183.097297448
-180.024708095
-182.682929641
-179.693009541
-176.786954705
-177.804128236
-176.515014216
-173.807181474
-176.56423109
-176.178540565
-177.670073552
-180.194210384
-182.341856128
-183.654894705
-184.5322303
-185.730388412
-188.570328194
-188.172967669
-190.508040124
-189.477642981
-186.926759123
-189.887422223
-187.212198354
-189.691050676
-190.093061941
-187.416544172
-185.493760723
-188.214007177
-190.320630441
-190.617527148
-188.392181922
-186.541159118
-183.413284052
-180.712760351
-178.091884664
-175.671491748
-173.24189102
-170.262161317
-170.266869345
-167.204089239
-164.150257459
-166.657485119
-165.391627912
-162.803574141
-164.188070958
-165.865430186
-168.442104506
-169.612813832
-171.633732777
-173.470806803
-175.815497662
-177.844754229
-176.250844138
-178.875938267
-181.400247371
-183.883645331
-181.747222496
-178.702688877
-176.714253157
-173.768911323
-173.484208811
-176.170873019
-178.961965695
-178.559570069
-180.818877223
-182.561236607
-184.573542175
-182.246270151
-185.346555095
-182.82304866
-182.078362236
-182.907111239
-183.612530335
-185.897924793
-187.273283539
-189.049140871
-189.926690133
-188.334545551
-190.453141592
-192.043327954
-193.601173825
-195.131215138
-195.565097785
-197.134358709
-198.913291555
-200.472864595
-202.098267592
-203.155003402
-202.654816503
-205.673386148
-202.940664948
-200.542311231
-201.969142991
-203.278405545
-200.868300679
-200.277997391
-202.02001106
-200.638381077
-203.293759026
-200.236545996
-199.200914796
-197.739331153
-196.005253761
-196.92885321
-193.839462259
-195.487671348
-195.238480091
-192.745437207
-190.849542106
-192.73300245
-191.090976125
-189.337757058
-188.136835868
-186.101390917
-187.684396279
-185.44476998
-184.079086114
-182.138807492
-183.323881648
-181.799619445
-179.156902812
-176.166738959
-177.801523917
-175.31209095
-174.27916906
-171.897330965
-171.502933244
-169.801322055
-168.647684394
-168.046676485
-166.016541377
-164.426473527
-163.311094222
-160.828006063
-159.605346862
-158.168193948
-156.168896547
-154.1242543
-153.215338021
-150.735298898
-152.60732388
-154.151158058
-151.6715893
-150.894320755
-149.581967702
-147.068819744
-144.707575477
-143.456712836
-141.769023542
-139.67263279
-137.849043863
-135.936750977
-133.909254789
-131.54835057
-129.453312575
-127.291533014
-124.908733436
-123.101901006
-120.65481496
-118.626934468
-116.327741577
-114.172003336
-111.827444222
-109.445665123
-107.1738596
-104.81150007
-102.679390766
-100.36194657
-97.9329813652
-95.4284274956
-92.93745603
-90.7623286433
-88.5069837955
-85.8505406322
-88.8590730098
-91.9528395665
-89.0585792651
-86.6078367331
-83.7184719336
-81.4304617331
-78.8781437436
-76.425617944
-73.8364552513
-71.0797891311
-68.464897999
-65.8568996433
-63.1602797807
-60.4583582412
-57.734178498
-54.7585175793
-51.664142044
-48.9178615661
-51.9915061691
-49.0824508433
-46.3400661297
-43.6294017066
-40.7760925342
-37.9769297229
-34.9404869808
-31.9901344766
-29.0815314972
-32.1232312938
-35.1041232069
-32.2973628717
-29.2704759011
-32.1026023357
-29.4834025469
-32.5267000955
-35.3921449941
-38.2693069138
-35.4759122639
-38.6136926654
-41.3813185216
-44.3977493136
-47.1138464845
-50.2275454058
-53.0349808359
-50.095994384
-53.2287255069
-56.074742954
-58.6321310306
-61.5819621359
-63.9280152766
-61.2344014058
-63.3792860848
-66.4036194052
-69.3230318685
-71.9076417076
-74.8172970028
-72.4345904743
-74.5565869783
-75.9101312568
-73.0147727742
-75.9313380457
-73.1459765927
-70.149934551
-71.6002902629
-73.7846478588
-76.2080122109
-74.4392127194
-75.6227204489
-77.2555344884
-77.3075518418
-79.0260624989
-81.0446190135
-81.6697240605
-82.7415516389
-84.2853960092
-84.6308753073
-86.484540879
-87.7615819232
-88.3696659068
-89.9285169328
-91.2166464207
-92.1073630257
-93.2220943145
-94.7775217586
-95.6890678369
-97.4419682994
-97.7134564756
-99.1116646458
-101.078998528
-101.733912734
-103.236151605
-105.153951773
-105.820441283
-106.919627367
-108.12594738
-109.345539457
-111.467980881
-111.124680283
-113.000247165
-114.502624202
-115.406672738
-117.033719192
-117.622167395
-118.86443883
-119.929433064
-121.499457831
-123.534627653
-123.779559868
-125.55587462
-126.160095569
-126.777843793
-128.006242641
-128.56697674
-131.0228779
-133.824295975
-132.518870379
-134.867242338
-133.720940371
-130.747638656
-130.75361001
-133.188480451
-131.174428454
-133.925169742
-136.711852748
-135.887830705
-138.602961254
-139.475161744
-136.984991771
-137.857192262
-140.572322811
-139.748300768
-142.534983774
-145.285725062
-143.271673065
-145.706543506
-145.71251486
-142.739213145
-141.592911178
-143.941283137
-142.635857541
-145.437275616
-147.893176776
-148.453910875
-149.682309723
-150.300057947
-150.904278896
-152.680593648
-152.925525863
-154.960695685
-156.530720452
-157.595714686
-158.837986121
-159.426434324
-161.053480778
-161.957529314
-163.459906351
-165.335473233
-164.992172635
-167.114614059
-168.334206136
-169.540526149
-170.639712233
-171.306201743
-173.224001911
-174.726240782
-175.381154988
-177.34848887
-178.74669704
-179.018185217
-180.771085679
-181.682631757
-183.238059201
-184.35279049
-185.243507095
-186.531636583
-188.090487609
-188.698571593
-189.975612637
-191.829278209
-192.174757507
-193.718601877
-194.790429455
-195.415534502
-197.434091017
-199.152601674
-199.204619028
-200.837433067
-202.020940796
-200.252141305
-202.675505657
-204.859863253
-206.310218965
-203.314176923
-200.52881547
-203.445380742
-200.550022259
-201.903566538
-204.025563042
-201.642856513
-204.552511808
-207.137121647
-210.056534111
-213.080867431
-215.22575211
-212.532138239
-214.87819138
-217.828022485
-220.385410562
-223.231428009
-226.364159132
-223.42517268
-226.23260811
-229.346307031
-232.062404202
-235.078834994
-237.84646085
-240.984241252
-238.190846602
-241.068008522
-243.93345342
-246.976750969
-244.35755118
-247.189677615
-244.162790644
-241.356030309
-244.336922222
-247.378622019
-244.470019039
-241.519666535
-238.483223793
-235.684060982
-232.830751809
-230.120087386
-227.377702673
-224.468647347
-227.54229195
-224.796011472
-221.701635937
-218.725975018
-216.001795275
-213.299873735
-210.603253873
-207.995255517
-205.380364385
-202.623698265
-200.034535572
-197.582009772
-195.029691783
-192.741681582
-189.852316783
-187.401574251
-184.507313949
-187.601080506
-190.609612884
-187.95316972
-185.697824873
-183.522697486
-181.03172602
-178.527172151
-176.098206946
-173.78076275
-171.648653446
-169.286293916
-167.014488393
-164.632709294
-162.28815018
-160.132411939
-157.833219048
-155.805338555
-153.35825251
-151.551420079
-149.168620502
-147.006840941
-144.911802945
-142.550898727
-140.523402539
-138.611109653
-136.787520726
-134.691129974
-133.00344068
-131.752578038
-129.391333772
-126.878185814
-125.565832761
-124.788564216
-122.308995458
-123.852829636
-125.724854618
-123.244815495
-122.335899216
-120.291256969
-118.291959568
-116.854806654
-115.632147453
-113.149059294
-112.033679989
-110.443612139
-108.413477031
-107.812469121
-106.658831461
-104.957220271
-104.562822551
-102.180984455
-101.148062566
-98.6586295992
-100.293414557
-97.3032507041
-94.6605340705
-93.1362718678
-94.3213460239
-92.3810674022
-91.0153835363
-88.7757572369
-90.3587625991
-88.3233176477
-87.1223964576
-85.3691773905
-83.7271510654
-85.6106114103
-83.7147163091
-81.2216734252
-80.9724821679
-82.6206912565
-79.5313003056
-80.4548997551
-78.720822363
-77.2592387195
-76.2236075202
-73.1663944899
-75.8217724387
-74.4401424561
-76.1821561252
-75.5918528369
-73.1817479704
-74.4910105253
-75.9178422847
-73.5194885684
-70.7867673676
-73.8053370132
-73.3051501135
-74.3618859235
-75.9872889214
-77.5468619609
-79.3257948064
-80.8950557313
-81.3289383784
-82.8589796912
-84.4168255617
-86.0070119238
-88.1256079646
-86.5334633828
-87.4110126447
-89.1868699769
-90.5622287227
-92.8476231812
-93.5530422769
-94.3817912799
-93.6371048557
-91.1135984209
-94.2138833653
-91.8866113412
-93.8989169084
-95.6412762925
-97.9005834474
-97.498187821
-100.289280497
-102.975944705
-102.691242193
-99.745900359
-97.7574646391
-94.7129310198
-92.5765081851
-95.0599061452
-97.5842152491
-100.209309378
-98.615399287
-100.644655853
-102.989346713
-104.826420739
-106.847339684
-108.01804901
-110.59472333
-112.272082558
-113.656579375
-111.068525604
-109.802668397
-112.309896057
-109.256064277
-106.193284171
-106.197992198
-103.218262496
-100.788661768
-98.3682688517
-95.7473931645
-93.046869464
-89.918994398
-88.0679715942
-85.8426263679
-86.1395230748
-88.2461463393
-90.9663927928
-89.0436093441
-86.3670915748
-86.7691028402
-89.2479551624
-86.5727312926
-89.5333943932
-86.982510535
-85.9521133918
-88.287185847
-87.8898253224
-90.729765104
-91.9279232162
-92.8052588111
-94.1182973877
-96.2659431315
-98.7900799635
-100.281612951
-99.8959224261
-102.652972042
-99.9451392995
-98.6560252801
-99.6731988108
-96.7671439744
-93.777223875
-96.4354454207
-93.3628560679
-92.4998014229
-94.5097306452
-97.4965885954
-98.8311460116
-95.7052742354
-92.7404682705
-95.1683553319
-92.2865909694
-95.0904073202
-97.5380333335
-99.2690787297
-99.7222622066
-101.19630172
-103.636634
-105.273261457
-105.889371639
-108.300109183
-106.201495773
-103.740294251
-104.560282501
-106.309047984
-108.908831181
-105.994253786
-103.513015191
-105.867315567
-108.049427414
-105.794352076
-103.394633775
-105.79258861
-103.289931617
-105.930664796
-105.982630874
-108.706463395
-111.70609203
-111.769809121
-113.887559255
-113.759452653
-116.463280102
-118.881441032
-118.611331746
-121.706257191
-118.769857528
-116.27406096
-119.406071112
-117.093567671
-119.025332629
-121.426187908
-118.930856739
-117.051398211
-119.279914741
-116.503201855
-117.954372041
-120.256753904
-118.503606046
-115.499724864
-118.409639573
-121.076234315
-123.365198456
-123.272162406
-124.491818379
-126.588378341
-129.675581691
-132.037215072
-130.359342112
-128.034369248
-130.037023508
-132.015629729
-134.908305453
-136.152724194
-137.397758441
-139.277833796
-140.831734414
-142.864724376
-145.339103546
-143.856584902
-141.587797096
-144.447715362
-146.806574903
-149.133930522
-148.804230519
-150.520330332
-153.148520689
-155.617062246
-154.83101861
-156.655428109
-158.327379072
-160.808891823
-158.104439082
-155.213512096
-157.264915626
-157.552070534
-159.948539541
-161.132619416
-162.573830952
-164.305912389
-164.838738437
-167.457018601
-169.908304027
-168.185510945
-169.542965368
-171.028442921
-172.399586753
-173.685815659
-175.559297757
-177.499521122
-178.300176972
-179.987916644
-181.506067295
-184.08569846
-187.069413725
-184.496296178
-187.280427873
-186.293248507
-188.402921033
-188.851653998
-191.175214437
-192.573851636
-193.46534105
-196.01165263
-193.988039599
-191.060380412
-188.712562891
-191.587491277
-192.593727707
-195.406016526
-192.494770836
-195.360953818
-193.921432426
-196.497379072
-195.877918833
-198.332348681
-199.826534099
-200.538629919
-199.746226431
-201.821597182
-204.058561308
-204.741593287
-205.960281925
-207.156435548
-209.763655493
-206.665102024
-203.557039163
-206.576480808
-204.721027495
-207.023512261
-208.987741926
-209.969479026
-211.295705067
-213.486316585
-210.99305998
-214.103279054
-211.218123491
-213.332574954
-213.289978337
-216.149670423
-215.456210579
-218.119422806
-220.438966046
-219.695424778
-222.226742602
-222.310297298
-224.526830658
-223.611690268
-226.229569023
-223.161818129
-221.530775731
-224.038389834
-223.694935249
-225.862799605
-225.910357892
-227.954865907
-229.865382987
-230.047956861
-231.934451871
-232.61979485
-234.198265208
-235.649090167
-236.563691579
-238.140188441
-238.968748951
-240.813536984
-241.614500711
-243.441670726
-244.048719777
-246.019564681
-247.474440662
-248.523255264
-250.524720619
-250.898116595
-253.317403949
-254.163668351
-255.471389038
-257.64639998
-257.547555459
-259.966203311
-260.357570482
-262.076088211
-264.628073538
-264.125012019
-266.830958192
-266.2193003
-268.930860935
-267.657463884
-264.726758179
-267.671502809
-266.843039641
-269.594839763
-268.920572115
-271.737189387
-270.787770303
-273.77794466
