-7.98518732296e-17
9.11049067632e-17
-1.71828684588e-17
-4.01134200099e-17
2.46002934551e-17
-1.28141042304e-17
2.53727940365e-17
-1.67274294124e-17
1.50058053529e-17
-1.90821063656e-17
1.62028393603e-17
-1.305024488e-17
1.98534215463e-17
-1.15886750343e-18
1.79506628981e-17
1.83882634104e-18
1.71465446234e-17
2.00195333618e-18
7.80166564764e-18
-3.67233296651e-18
3.70707115374e-18
2.10750879775e-18
4.99986159486e-18
6.37773404656e-18
8.72558322827e-18
-1.85386824606e-18
4.91830866132e-18
-3.02047249687e-18
1.41626732706e-17
-3.18622587941e-17
-1.58182798993e-17
1.19042417067e-17
2.82268989556e-17
2.94234457306e-17
-2.20782084316e-17
8.97108391765e-18
-3.67662346081e-18
1.29489173598e-17
-7.88758511001e-18
6.57613845174e-18
-1.22683569476e-17
6.74640569277e-18
-1.43530904752e-17
1.20198783715e-17
-2.06835963926e-18
1.16843421157e-17
-6.28378340507e-18
9.87940775694e-18
7.93777123797e-19
4.82772254232e-18
-4.85687230949e-18
-1.34896528161e-18
-3.69985496887e-18
-1.31169516863e-18
1.21784187817e-18
3.74325426517e-18
-1.21355671992e-17
-2.99909055762e-18
-1.5490660482e-17
1.84177319648e-17
-2.87406591169e-17
-1.02870663538e-16
-3.4445950772e-17
3.99095390677e-17
1.54721770566e-17
-4.28065159412e-17
1.15636748073e-17
-2.14412688517e-17
2.22746057937e-17
-2.15564210675e-17
1.10558906496e-17
-2.34368766275e-17
1.24515753041e-17
-1.74261374887e-17
1.14375855987e-17
-1.08820802962e-17
1.18255167538e-17
-7.80348009824e-18
1.96389309869e-17
5.83692915305e-19
1.30020159087e-17
-5.48112544431e-18
1.09376184573e-17
-2.62872703762e-19
8.99636678878e-18
-1.11868321119e-18
1.14765843356e-17
-1.34000333062e-17
5.02622474918e-18
-2.0801122188e-17
2.67523892619e-17
1.39280284908e-17
-1.47094750806e-16
-1.78850013127e-17
1.18197101781e-16
-2.46404772925e-17
-4.37241970666e-17
1.84800390854e-17
-1.81665312477e-17
2.60328544458e-17
-1.42133439883e-17
1.29578428107e-17
-1.61297686688e-17
2.1904709913e-17
-1.19394359274e-17
2.10692732344e-17
-1.37469838301e-17
2.21430593823e-17
-5.72828793156e-18
2.47652517831e-17
4.3351205197e-18
2.26329293584e-17
2.35814499259e-18
1.43816212343e-17
-7.08203027429e-21
2.21900310992e-17
2.01725949059e-18
2.21224672432e-17
-1.20651184827e-17
1.95462444529e-17
-1.36681436629e-17
3.73842801945e-17
3.25802118702e-17
-1.73896202031e-16
-3.74786305635e-17
2.17725675541e-16
-6.63160231356e-17
-8.40621321867e-18
2.99438960153e-17
-1.40780522796e-17
3.84114279481e-17
-1.39074439218e-17
2.00716004195e-17
-1.8192610954e-17
2.82749966229e-17
-1.28699460855e-17
3.87128862792e-17
-3.59261168212e-18
4.22612328432e-17
-1.06051919948e-17
4.04949232328e-17
-2.88604640205e-18
2.67345481178e-17
-9.53172319742e-18
1.60956669421e-17
3.39028692307e-18
3.01969672132e-17
1.74676608267e-17
3.73004325256e-17
-8.553986929e-19
3.0585869229e-17
-1.80247393941e-17
1.63389262201e-17
9.78552282108e-17
-2.87306196881e-16
2.99339363659e-18
2.90005757263e-16
-1.12226422819e-16
6.20512699106e-17
-3.02067106931e-17
1.13910012697e-17
4.90073711068e-17
-3.60211583872e-17
-2.07951737358e-18
-2.46358208098e-17
2.85228150684e-17
-2.84214700386e-17
3.85327172592e-17
-4.30373472298e-18
4.82798991306e-17
1.51603727489e-17
7.34401333646e-17
4.40149104955e-17
6.7789017e-17
2.78466833544e-17
5.54610487946e-17
9.25689729392e-18
3.96682630538e-17
-1.70663550005e-17
2.25932310208e-17
-7.09396795673e-17
-6.12705806572e-17
6.57014397626e-18
-1.49413398448e-16
1.47585630388e-16
-5.59986323299e-16
-1.25432354683e-16
4.9625450131e-16
-3.87772826013e-16
1.77522304716e-16
-2.77186739633e-16
1.381350896e-16
-1.33653075997e-16
9.39615358428e-17
-1.45769773126e-16
1.11086243588e-16
-6.75226085039e-17
7.53734408661e-17
1.47700824095e-17
-2.55854138186e-17
1.7106421844e-17
-5.84425975462e-17
-2.08450446966e-17
-8.28502134436e-17
-8.85373690138e-17
-1.62206831283e-16
-1.55801557393e-16
-2.22462293825e-16
-2.15701289443e-16
-2.30765429179e-16
-1.34259338001e-16
-1.31243084682e-16
-2.7410576445e-16
-4.98358201161e-17
-2.82798555898e-16
1.08466266853e-16
-6.96621144663e-16
-6.99296827267e-17
4.11916649636e-16
-2.66618934126e-16
2.57580016154e-17
2.2776185279e-18
-4.8738382897e-17
2.2158833482e-17
-4.52949721268e-17
-1.7548631216e-17
-1.03529795358e-17
5.20313369621e-17
1.34994168168e-17
7.22951975292e-17
2.05964067968e-17
6.46599107418e-17
2.68412347001e-17
8.29962657547e-17
9.4891499602e-18
6.77126791606e-17
-2.62195444302e-18
5.23653115079e-17
-2.27363967292e-17
2.50182082201e-17
-3.65007563283e-17
1.12760935789e-17
-5.56728891791e-17
2.72140504645e-18
-3.40476775998e-17
-2.39845096561e-17
9.04636734843e-17
-2.47172613039e-16
4.61702811007e-17
2.34183182105e-16
-6.54905906065e-17
-2.944974299e-17
2.26179672968e-17
-7.42059750075e-18
9.29043069003e-18
-2.76126733308e-17
-1.09039314347e-17
-2.65904021535e-17
3.75738059355e-18
-1.89658548522e-17
1.85661062413e-18
-2.75885060963e-17
1.01357978601e-17
-3.51144367499e-17
1.05668651164e-17
-2.98606096212e-17
3.33848020601e-17
-1.52990418204e-17
3.4242841935e-17
-2.08926504034e-17
3.56911661839e-17
-2.21130482785e-17
2.27463630359e-17
-2.80932811754e-17
3.46967446079e-17
-1.09528076559e-17
5.41943293614e-17
1.98822026084e-17
-6.56104743495e-17
4.01762309642e-17
1.32976825174e-16
5.24040374447e-19
-1.79368275658e-17
1.73197874982e-17
9.46330077399e-18
1.4243144101e-17
-7.30332988903e-18
-6.70765336911e-18
-1.90008369132e-17
-2.19544688536e-18
-1.94150963059e-17
9.70555758792e-18
-1.66004371922e-17
1.47020445465e-17
-3.061710379e-17
6.93483225422e-18
-5.62433351545e-18
4.52085499184e-17
1.26569276115e-17
1.53809863014e-17
-3.49330617873e-17
-1.21965169387e-17
-5.3847179159e-17
-6.25434844958e-18
-3.14791884129e-17
3.62683299215e-17
-9.67584532978e-18
4.94755647342e-17
-5.80772947875e-18
-6.25170837155e-18
2.32645632548e-17
4.57929665308e-17
4.657485982e-17
-5.98833208744e-18
4.60746707421e-18
-5.22672672927e-18
-1.2356011815e-17
-9.15092075766e-18
-1.1497458603e-17
-1.01067262587e-17
-4.93695801954e-18
-6.13654847619e-18
1.90921346868e-18
-1.15665066747e-17
2.60914358679e-18
-9.9793396738e-18
7.98975817184e-18
-1.79351209597e-17
3.96285697996e-18
-1.4498689365e-17
9.65125276603e-18
-3.73501101137e-17
8.97100625037e-19
-2.37986639933e-17
1.40431207867e-17
-3.45931576859e-17
9.96525746897e-18
-1.86624238571e-17
2.54911305694e-17
-3.68341111914e-17
-1.30007133803e-17
1.21542576661e-17
2.39431000543e-17
2.85160917107e-17
-1.46276756054e-17
-4.86503464299e-19
-1.26310488912e-17
-1.58629859044e-17
-2.07499768069e-17
-7.89255932908e-18
-1.4648030131e-17
-7.8063412376e-18
-1.45799795884e-17
-5.83734759437e-18
-1.00783755479e-17
7.60795101913e-19
-1.81189245147e-17
-2.57463837783e-18
-2.27710451606e-17
1.09167938774e-17
-1.20827984115e-17
8.01181761916e-18
-2.41805408006e-17
5.32136231988e-18
-1.7110544891e-17
1.26355280591e-17
-8.75704069347e-18
1.32494634793e-17
-1.67547770634e-18
1.35076506033e-17
9.94821868719e-18
4.39721186701e-17
5.61383907807e-17
4.4488700788e-17
1.85313857881e-17
1.06455182425e-17
1.42477500834e-17
5.89175322751e-18
5.16523022114e-18
-1.49271813639e-18
2.41504195337e-18
-3.14222000636e-18
-6.60727610714e-18
-1.79298850405e-18
-3.96208912849e-19
2.12845529482e-18
3.25464244091e-18
-5.35429201334e-18
1.02625929274e-17
1.24809401165e-18
1.304215873e-17
-2.92775481343e-18
3.77688653318e-18
-3.63671855756e-19
9.39911141803e-18
-6.12501708391e-18
3.90493433081e-18
-1.10567332904e-17
1.90791307318e-17
-4.31613207603e-18
2.10196042194e-17
-1.31431161258e-17
9.87472418316e-18
1.45606798994e-17
2.94456336042e-17
1.79830545202e-17
6.84570525592e-18
9.72267708531e-18
1.16562952093e-17
-5.66297736822e-18
-3.33728636678e-18
-5.04597923688e-18
4.71674678283e-19
-7.38547506782e-18
4.82842988078e-19
4.45284326974e-18
-2.70973278027e-18
-4.72652609939e-18
-7.82761977695e-18
1.87630942461e-18
-5.10021476664e-18
5.87812377076e-18
-7.62358858697e-18
1.12602213374e-17
-9.1282765524e-18
1.4662236015e-17
-2.02928096328e-17
3.87844935958e-18
-1.52457260838e-17
1.18373009309e-17
-7.841911899e-18
1.99033231355e-18
-9.40826819507e-18
2.71305767556e-18
1.30675884791e-17
1.28077726709e-17
8.50965651001e-18
8.81937349703e-18
-1.96116847706e-19
8.79148789671e-18
-1.06207557753e-17
-2.97811257958e-18
-3.11151712938e-17
-9.82143553127e-18
-3.08853096431e-17
4.45156821136e-18
-8.75191904843e-18
-8.65901828442e-18
5.99707879388e-18
-1.83104613369e-17
1.72076133935e-17
-2.64546038912e-17
7.18252509001e-18
-1.35251627297e-17
6.23467649148e-18
-6.96917939941e-19
-8.12970199873e-18
-9.34676695761e-18
-1.92053939779e-17
-1.07566392902e-17
-1.15591515245e-17
-2.28764970484e-17
1.48567510319e-18
-9.17704936638e-18
3.06263960765e-17
-8.98476047423e-18
1.12918329836e-17
-1.40565005416e-17
2.15796899878e-18
-6.73789291181e-18
-1.4138838685e-17
-1.50981543217e-17
-1.08109255834e-17
-1.78460327098e-17
6.50803783995e-18
-3.29229804139e-17
1.54708801866e-17
-3.50451299559e-17
1.537002223e-18
-3.07355929903e-17
-7.58951114313e-18
-1.25035592679e-17
-3.40079682189e-17
-1.35728595605e-17
-3.35727320086e-17
-9.96443375336e-18
-2.64406272916e-17
-3.10680277039e-17
-5.41325969657e-18
-1.50049565175e-17
-3.7955984788e-18
-1.18929272786e-17
-8.19094091289e-18
4.27063018586e-17
4.80173742317e-17
9.2985318875e-17
2.77129470993e-17
-2.22533407437e-18
-3.47129576294e-17
-1.89658605377e-17
-9.60400672992e-18
-2.52625178232e-17
-2.22082488602e-17
3.06857884198e-18
-1.32710870386e-17
3.35220912925e-17
-2.44951436208e-17
2.74108452914e-17
-3.90810129978e-18
5.55303918182e-18
1.48372237732e-17
-2.42074390038e-17
1.20473667789e-17
-1.32030685604e-17
3.00543922213e-18
1.03638549722e-17
-2.06744467502e-17
1.49267874164e-17
-1.48652267347e-17
-1.16140994625e-18
3.22591984996e-18
-1.52872158556e-17
2.25323588382e-17
-4.12094397157e-18
-3.98175857708e-18
-9.74548239354e-18
1.40732580256e-16
-2.83238465778e-17
-3.74988432413e-17
-2.34182649409e-17
1.22415210413e-17
-4.77018983822e-18
-4.4091980206e-17
1.49858040443e-17
2.36570529906e-17
-7.39847749673e-18
6.35838428315e-18
1.31862104817e-17
3.66016067661e-18
8.65402264626e-18
1.94915428702e-17
-2.04039503771e-17
1.5115970577e-17
-2.67634881643e-17
-4.43339447777e-18
-7.26436430099e-18
-3.79099895784e-17
-3.23811771835e-17
-1.17174317828e-17
6.11453644236e-18
6.40799717691e-18
-6.37696342566e-18
-3.05679028796e-17
1.53319536761e-17
3.45241882504e-17
-3.26569832701e-18
5.41377298978e-17
7.47162867558e-17
5.0881423656e-17
-1.15116301243e-16
-3.01971220112e-17
-5.97857059443e-18
-1.80329950103e-17
-1.40519243595e-17
-3.83200210337e-17
-6.61703205872e-17
1.45232366011e-16
-1.18871384542e-16
3.92117931579e-17
1.63257942432e-17
-1.06305667579e-17
-9.02345534839e-18
-1.07991670703e-17
4.3125306033e-19
-3.05156859428e-17
-5.22671066976e-17
1.30263244247e-17
1.16327622962e-17
-1.79317855468e-17
-1.21691119447e-17
-1.51282867144e-18
-1.54182950367e-17
-2.5177441318e-17
1.19011922767e-17
3.55779642788e-17
-3.04760554871e-17
-1.68186786742e-17
-8.53055317307e-18
1.17604330313e-16
6.10398731448e-17
-2.30269501082e-16
2.71053230978e-17
1.89383075217e-17
4.11414256548e-18
-6.02728508032e-18
-1.08902180433e-17
1.43850067845e-17
-5.49200435465e-18
3.17256852123e-17
-1.03025849635e-19
2.59569268285e-17
1.38478363514e-17
1.95203361366e-17
1.15215866709e-17
2.37364804181e-17
-1.62658055815e-17
-9.06641154806e-19
-3.4033145235e-17
-3.80229385593e-17
-4.15380672775e-17
-5.71634072216e-17
-7.19206273241e-17
-5.47507461535e-17
-8.68461975556e-17
-6.16379216165e-17
-6.30316192154e-17
-1.46714931223e-17
-8.11560506601e-17
-9.66348609928e-17
3.08278779059e-16
-1.65840478857e-17
-2.90461710553e-16
1.20562593944e-16
-1.82341168749e-17
1.48746018284e-16
-9.25893246024e-17
1.10218625542e-16
1.36642710537e-17
2.7671941574e-17
5.19745790417e-17
-2.92780602385e-17
8.84409307821e-18
-6.40305437477e-17
-6.81160189946e-17
2.96940483373e-17
4.61053204878e-17
-3.00595574324e-17
8.05056311095e-18
8.07409989994e-17
1.22707126833e-16
5.38661416529e-17
1.07568068341e-16
6.62323022875e-17
1.34096391036e-16
8.65186764457e-17
1.19495849073e-16
2.94003448003e-16
-6.4992466177e-17
3.36495006327e-16
-1.31738275174e-16
7.07031785666e-16
2.68777260296e-16
-6.46690384675e-16
4.3230388175e-16
1.30921115131e-17
9.02186126368e-17
9.16873639563e-17
1.54016439508e-16
-9.56426913749e-17
3.11290579354e-16
-7.95031881492e-17
8.38774578637e-17
1.01025915735e-16
2.39556430518e-17
7.32526918427e-18
2.31297914016e-16
-1.53194081943e-16
1.85685810358e-16
8.87647430595e-18
1.37060421501e-17
7.00399403085e-17
6.37119815219e-18
-3.08724739577e-17
2.1503214176e-16
-1.54339026068e-16
6.86696247764e-17
8.90244013142e-17
3.22096141083e-17
-9.59217834976e-17
2.16609564179e-16
-3.10998566613e-16
6.64398417293e-16
5.40870918879e-17
-5.07756172731e-16
2.93085405837e-16
-1.07802295615e-16
4.33989192588e-17
4.80303726102e-17
-1.32167189997e-17
4.64977596805e-17
1.70861014831e-17
1.03017941571e-17
-1.83705751658e-17
2.40861168403e-17
-2.39877135045e-17
1.02869646388e-17
-2.84907063972e-17
2.06636387238e-17
-4.14374769653e-17
1.1128884068e-17
-4.39598003467e-17
1.06166476761e-17
-3.96359564392e-17
1.03141702618e-17
-4.54129783834e-17
-3.3524084443e-18
-4.50554022175e-17
4.16342641719e-18
-4.30792680394e-17
-1.64751620208e-18
-5.96359325257e-17
-7.76635567003e-17
1.36025059964e-16
-1.41926789069e-16
-2.50014601266e-16
8.31929944402e-17
7.4015141574e-18
-2.36503755438e-17
1.22732233937e-17
-1.2827226621e-17
2.08816940077e-17
-5.16698673615e-18
2.02351968703e-17
-6.94243548435e-18
1.28574462247e-17
-1.44364533308e-17
1.04176459031e-17
-1.6282739617e-17
2.49604066536e-17
-2.51534613395e-17
1.45011109898e-17
-2.7267242209e-17
1.33266022725e-17
-2.39215045722e-17
1.95584971266e-17
-2.98529624734e-17
1.20856227498e-17
-3.48141420443e-17
1.80036235346e-17
-3.94851764947e-17
-2.05861987495e-17
8.37800654834e-18
-7.62957218537e-17
1.51710516432e-16
8.30380598666e-18
-1.97677892184e-16
4.01049222062e-17
2.9342399228e-17
-2.12509394519e-17
1.00061155158e-17
-1.81469809352e-17
1.82101488171e-17
-5.1072178563e-18
1.46666719068e-17
-1.01965515217e-17
9.01286521063e-18
-1.88080550422e-17
1.28615385382e-17
-1.59093075968e-17
1.99911461618e-17
-1.75794032968e-17
1.49730062547e-17
-1.96063687606e-17
1.34747073028e-17
-1.78013459702e-17
2.1398125831e-17
-1.43509980759e-17
2.19014783639e-17
-1.51585197264e-17
2.64929901898e-17
-1.91970946318e-17
2.36945537661e-17
-3.56815648501e-17
2.27407818234e-17
6.10826498565e-17
-1.88607314206e-17
-7.27758644973e-17
-2.6856923478e-17
2.07235758404e-17
-1.15650454607e-17
9.51546778582e-18
-2.21871981514e-18
1.84116842993e-17
4.8427838877e-18
1.56921322503e-17
-2.73256910559e-18
1.33817876725e-17
-3.94945057757e-18
1.96451121326e-17
-3.57787946866e-18
2.7212511212e-17
-2.27926529467e-18
2.66056818958e-17
-1.32111507107e-17
2.19686062319e-17
-1.01621751114e-17
2.78324084959e-17
-1.11409557433e-17
2.42364853596e-17
-7.46577017841e-18
2.49568462423e-17
-1.49679607969e-17
2.29423025128e-17
-2.48067043866e-17
4.73033059438e-17
1.5041987567e-17
-6.24464329637e-19
-2.68397504834e-17
-4.08234392232e-17
1.63689362815e-17
-9.29467788615e-18
6.51228886902e-18
9.91151675337e-19
8.17744781857e-18
7.19494002999e-18
5.75373893567e-18
4.10404309269e-18
8.65435599296e-18
-2.45980231405e-18
1.46753210731e-17
-6.61502979545e-18
2.0738938924e-17
-6.04364659293e-18
1.88452211309e-17
-1.24381615712e-17
1.11321337291e-17
-1.19968949959e-17
9.12825497671e-18
-1.06460004357e-17
1.24707339389e-17
-7.51805725504e-18
1.16582765108e-17
-1.76372580952e-17
8.27434703292e-18
-1.83266575451e-17
1.81640247507e-17
-1.05312144625e-17
-2.72366890186e-17
-3.25215340116e-17
-2.75001590832e-17
7.18825629918e-18
-9.77822064252e-18
-5.53114989188e-19
1.31254750053e-18
6.64628045475e-18
-7.34632195526e-19
2.39561644284e-18
1.33172704308e-18
7.11033891649e-18
-2.88695563732e-18
9.35072492053e-18
-4.12737963106e-18
1.34208273533e-17
-6.84106751325e-18
1.04051510567e-17
-1.07440490292e-17
7.84453761002e-18
-1.10919345945e-17
8.98974437401e-18
-5.01095636071e-18
9.49655602025e-18
-8.71996520213e-18
1.03645801122e-17
-1.23168911787e-17
6.76547601777e-18
-2.13477323815e-17
1.47992638114e-17
3.63860285669e-18
-9.66161199073e-18
-1.31441400468e-17
-2.47883832122e-17
2.4187415865e-18
-5.62871415179e-18
-3.18406877284e-18
2.93033209226e-18
3.55525015806e-18
1.8480912085e-18
2.96237591022e-18
8.39461972937e-19
6.63150341058e-18
2.10525461586e-18
1.20197754761e-17
6.58617318647e-18
1.38953380661e-17
1.09974830901e-20
1.80609819464e-17
-4.04180132971e-18
1.44265936196e-17
-6.42507034448e-18
1.52465990807e-17
-2.64210951181e-18
1.29219255112e-17
-3.09875688455e-18
1.12369214796e-17
-5.31594036706e-18
8.71606832314e-18
-1.05217566972e-17
8.4275117849e-18
-5.61183215197e-18
-7.06879672127e-18
-1.12584432936e-17
-4.07217654519e-19
-3.33956155202e-19
7.63662584037e-18
2.90485375118e-18
1.96906115768e-17
8.03193951961e-18
1.9223822892e-17
8.92401596254e-18
1.9426258478e-17
1.06898069064e-17
1.63409591666e-17
1.57057437043e-17
1.56317568392e-17
1.81216333644e-17
1.50614413467e-17
2.02586965585e-17
1.47511764827e-17
1.74243282376e-17
1.3752579862e-17
2.03906766987e-17
1.59309586101e-17
1.72648387506e-17
1.30651640403e-17
1.48135435004e-17
8.77280928032e-18
5.90709131828e-18
1.08313662586e-17
6.00247790293e-19
3.59906528112e-18
-7.62137195789e-18
7.1950975768e-18
2.56165500486e-18
2.1339508614e-18
-8.09553818787e-20
9.76502213224e-18
6.5492994375e-18
2.11571489463e-17
2.95781493838e-18
1.31742219681e-17
-1.76649101426e-19
6.83536054795e-18
-2.66043348012e-18
5.30375298572e-18
-3.7968827423e-18
1.17035631647e-17
-4.94646943049e-18
1.32024839137e-17
-1.6977376407e-17
4.83664442577e-18
-1.62609713547e-17
9.86408774157e-18
-1.74194515248e-17
1.77820527279e-18
-1.91447389454e-17
-2.51449164701e-18
-2.05554627616e-17
-7.08642897588e-18
-2.11370521907e-17
-2.07045016547e-17
-3.41255958634e-17
-1.84071659818e-17
-1.78123493641e-17
-2.05112733713e-18
-2.14481244906e-17
-2.41325543399e-18
-2.01323065544e-17
6.51854370636e-19
-1.91774068586e-17
-1.44059540504e-18
-1.83239068848e-17
2.6781755219e-18
-1.17794522397e-17
8.11444365898e-19
-1.22230009444e-17
-4.96029679672e-19
-6.32753482451e-18
-1.12064655131e-18
-7.79914097643e-19
-9.91351480979e-18
-4.6502666914e-18
-1.09733359916e-17
4.29977047683e-18
-6.2503647062e-18
2.68137042263e-18
-5.29786684202e-18
1.46326109148e-18
-1.30719722536e-17
-8.38997026946e-18
-8.74983897013e-18
-2.27464813534e-17
-3.37755960949e-17
-9.78555781998e-18
-5.67732368992e-18
1.72727646409e-17
-2.64333363275e-17
4.69997792517e-18
-1.52618964905e-17
1.27524818483e-17
-1.05697010657e-17
1.66529986036e-17
-1.238611557e-17
1.714353142e-17
-1.56823057582e-17
1.27887180852e-17
-4.34324842499e-18
2.02153273393e-17
2.12089082481e-18
1.99555231024e-17
5.97906203221e-18
1.09149799791e-17
-2.55355174625e-18
2.46513417111e-18
7.53350146807e-18
1.18935426892e-17
3.3879300374e-18
1.25255987866e-17
-6.49462599952e-18
1.04181199363e-17
-2.09649297544e-17
2.19301667768e-17
1.41128772425e-17
-1.52061765939e-16
