0.0139382365237
0.00905473116121
0.011015703862
0.00550379001809
0.0196507021625
0.0115742769498
0.0198976386387
0.0116160883649
0.0135305357716
0.0103436908419
0.0108916328575
0.0342438497428
0.0107439421381
0.0401852234339
0.0225595380045
0.00994574886389
0.0180227778744
0.0107591360333
0.0294395935197
0.0137704425509
0.0365823428001
0.0518787508904
0.0357356964682
0.0250204703333
0.022861599701
0.0197906679543
0.0244589685485
0.0236671836848
0.0464229002644
0.0185146524616
0.0169071977903
0.0300857913115
0.0202799172058
0.0351608131343
0.021763664599
0.0338673685208
0.0421994859589
0.0212998528364
0.0512499254102
0.0613172244093
0.00722441274923
0.038460041169
0.0396527750649
0.0464054374403
0.0497496498808
0.0299654803286
0.0323649321442
0.0271780132144
0.0372834959056
0.0293872203255
0.0434734334407
0.0236422132369
0.0288751060773
0.0352479901298
0.0161908857581
0.0356794058177
0.0324589680381
0.0129875112584
0.0274512710001
0.0280021173382
0.0228197749891
0.02435146552
0.0225970017615
0.0141225285025
0.0173942918551
0.0115168325512
0.0397026737621
0.0281193675039
0.030622892402
0.0134071697308
0.0125437789753
0.0190999950145
0.0271316432897
0.0345847132974
0.0164010477842
0.0266125664526
0.0100613290938
0.0122459725255
0.0201059405066
0.0328587143263
0.0489798714696
0.0441499905431
0.0364340855928
0.0403036798145
0.0417056059364
0.0364821895975
0.0347344001677
0.0466986878742
0.0327236195036
0.0262304075667
0.0413969895369
0.0401781618498
0.0634167397205
0.0509680390088
0.0474076406619
0.0490750681095
0.0390111682384
0.0452007460077
0.0537751671192
0.0500880125493
0.0665701435712
0.0739782773444
0.0854775256979
0.0655894757924
0.0836525345039
0.0646241032385
0.0563639453257
0.0604173759774
0.0473160602635
0.0475739141677
0.0591423746306
0.0683495950497
0.0701390840405
0.0907990473315
0.0821005926466
0.0854201498917
0.0912015284681
0.0889498491853
0.0848811848091
0.0706922916503
0.0612862197957
0.0646313752364
0.0493691062224
0.0254193714105
0.0169516376699
0.0243896888061
0.027608891576
0.0366580414724
0.0370704920474
0.0490614526811
0.0728847796393
0.0676060806983
0.0807435544445
0.0656715256202
0.0754554116087
0.0798682991405
0.07507673071
0.0843585535347
0.0798444455321
0.0669067360365
0.0685481248163
0.0627018910432
0.0588839353778
0.0610453259827
0.0657824910745
0.0442503335344
0.0591920117964
0.0458818694591
0.0338918184827
0.0320882751254
0.0335142398127
0.0191926301959
0.0186411605323
0.0193838982369
0.0284518106748
0.0173295787752
0.00900324612129
0.0125367763712
0.0205872905734
0.00809508926084
0.0277857525649
0.0187305509367
0.0230211127941
0.0283310907395
0.032745903629
0.0168816540361
0.0282593833997
0.0333702201398
0.0203853528234
0.0210485553273
0.0115543019648
0.00802544295197
0.0219714854
0.0140872882559
0.0179286977391
0.0167992040266
0.0303592883385
0.0206799537969
0.00935856916493
0.0272092811893
0.0235919990982
0.00789245721897
0.018268229829
0.0216318909628
0.011724871456
0.0126967310188
0.0012211112497
0.00644000346649
0.0181016466328
0.0074815880491
0.00733203777261
0.00671908014289
0.0140253101219
0.0155817722591
0.0123961982462
0.0179883821584
0.0310714218921
0.00397107605465
0.00187603511275
0.0081372512607
0.0165177815665
0.015375845377
0.00502484515444
0.0189579662024
0.00763085291671
0.00365413051682
0.0106126253299
0.00991913279947
0.00915375234361
0.00376190324945
0.0180851869984
0.0125269347716
0.0043142663082
0.0211348923816
0.0187760018509
0.0131368387153
0.0134953092212
0.0123433098449
0.0160727460686
0.0116716962583
0.00587850677476
0.0123663530893
0.00746595284909
0.00871534239814
0.0158783651978
0.00709770268069
0.00314419004154
0.00878640042018
0.00246577496621
0.00266022878434
0.00389126507263
0.00737300994339
0.0108731127872
0.00642124388039
0.0182129197065
0.0116824585048
0.00514229953127
0.00228190543125
0.0133691888099
0.00252895588757
0.00200494402051
0.00967476568831
0.00393905982346
0.0090221798031
0.0115565446488
0.0100406818896
0.00505023265867
0.00361302646389
0.00511203590396
0.0148085488669
0.0161369664795
0.0112934586263
0.0117209299879
0.0114106318785
0.00877739587892
0.00255793211208
0.00375788363267
0.00598437311338
0.00219408933757
0.00716312762567
0.00875560262003
0.00572407338691
0.00794024278594
0.00915987581441
0.0132415148071
0.00906363211635
0.0131203826092
0.0173077670315
0.0012524614242
0.00936513886532
0.0018715431193
0.0118856579276
0.0113979219229
0.00174596642295
0.00619956036288
0.00497524545146
0.0194727480114
0.0172664989267
0.0103160861438
0.00440408074686
0.00162296956972
0.0110954526421
0.00616652434878
0.00747331309785
0.00795287846364
0.002289074354
0.00588989917455
0.00587355931922
0.0111256788379
0.0119741848373
0.00263192432843
0.0133667923667
0.00515667207008
0.00466104418387
0.00556787768427
0.00434484070889
0.00437003115658
0.0134772391849
0.00953298688106
0.00636472125676
0.00558254387721
0.0107117511748
0.00393215207581
0.00217042698076
0.00436512029981
0.0135328148947
0.011674341356
0.00969743552728
0.00922989798185
0.00964176727525
0.00589547410314
0.00327109809142
0.00459793240366
0.00168516528068
0.00260914785861
0.010736221737
0.00457727082427
0.00269722502234
0.00330452238632
0.006934295598
0.0159194904219
0.0105536713746
0.00250984420345
0.00482298555092
0.0077376279427
0.00541980355924
0.00433978814548
0.0073116302896
0.0120436982016
0.00336826177009
0.00537743936725
0.0057513222965
0.00566358803993
0.00570471222523
0.00780190198277
0.00494055396894
0.0030886297072
0.00649468780151
0.00499621176241
0.00967306995517
0.00981217625208
0.00912865639315
0.00470590244726
0.00563308449635
0.00616889713151
0.00704761690392
0.00536759716391
0.00104370941056
0.00840376658064
0.0107878412344
0.00505999231142
0.00614001193522
0.00184129709635
0.00632587726653
0.00570843315113
0.0124782254725
0.00838542618168
0.00227739584761
0.00576457771284
0.0134307882743
0.0087990261779
0.0102358794712
0.00388509592643
0.00332587408568
0.00233643343105
0.00883126928176
0.00942629718438
0.00836865792561
0.0051149706419
0.0107609235449
0.0105300954471
0.00801246164601
0.0141883591124
0.00240359887677
0.00739255502824
0.00482378274703
0.00691655172924
0.00777758618596
0.00960964238467
0.00288553964666
0.0120230073569
0.016054073053
0.013836724488
0.00523666388737
0.01300292107
0.00780418213892
0.00811583572501
0.00506497661838
0.0121087322321
0.00835679081694
0.00375924111918
0.00525452528359
0.00734901922924
0.0128217204687
0.00452326667426
0.00503304925953
0.0116302298974
0.00192104447521
0.011778584938
0.00994759384135
0.00566341917147
0.005954839771
0.0133197658346
0.011845828429
0.00105703943123
0.00250344206285
0.00576213034345
0.0124514662694
0.0101580414985
0.00910245581942
0.00865701400748
0.00500773128153
0.00934986342581
0.0113770009852
0.00465567503359
0.00864339430925
0.00642870441061
0.016056971428
0.00879654136466
0.0106979018227
0.00380001673962
0.00549167247539
0.00374372655449
0.00522060474695
0.0105438352581
0.0145622365711
0.00401708855322
0.0168836355377
0.0120178465846
0.00193985936964
0.011158220813
0.00551286003682
0.00838684459852
0.00396614946091
0.0123133956883
0.0077397138786
0.00824477453246
0.00952809715945
0.0127727236304
0.0135627890302
0.0181743447865
0.0195375522769
0.0112500233722
0.0197364130193
0.0274351653521
0.0120742433465
0.00427135903174
0.0100591266618
0.00969829783059
0.00531919820054
0.00562232785537
0.0101160515274
0.00541106085066
0.00973058116723
0.0113855111813
0.00780343539538
0.028469216678
0.010445501
0.0193159442553
0.0208765767227
0.0104671503161
0.0251602156492
0.00868112246422
0.0327309600025
0.0100791942261
0.0295308997475
0.0272704078463
0.021906915581
0.037421759501
0.0137600593405
0.0451006634588
0.0182096015187
0.0403991574469
0.0394079227692
0.0260599578349
0.0413307172425
0.0261457330472
0.0401014086233
0.0311948925167
0.0348706895232
0.0300046920567
0.028176598773
0.0335415612126
0.0243832792138
0.0367389392008
0.0110604107358
0.0343969966202
0.0192670386636
0.0301480951207
0.0353054862648
0.00847172063361
0.0475127001754
0.030487256056
0.0352667019004
0.0573777602839
0.0070629175002
0.075476109062
0.0284943489949
0.0763523752208
0.0761791118274
0.048629550187
0.10839673148
0.014883072708
0.118596426436
0.0429890718681
0.10970488275
0.0847732737028
0.0851886221343
0.117642278765
0.0390272325911
0.135373518648
1.7507210037e-17
0.135373518648
0.0390272325911
0.117642278765
0.0851886221343
0.0847732737028
0.10970488275
0.0429890718681
0.118596426436
0.014883072708
0.10839673148
0.048629550187
0.0761791118274
0.0763523752208
0.0284943489949
0.075476109062
0.0070629175002
0.0573777602839
0.0352667019004
0.030487256056
0.0475127001754
0.00847172063361
0.0353054862648
0.0301480951207
0.0192670386636
0.0343969966202
0.0110604107358
0.0367389392008
0.0243832792138
0.0335415612126
0.028176598773
0.0300046920567
0.0348706895232
0.0311948925167
0.0401014086233
0.0261457330472
0.0413307172425
0.0260599578349
0.0394079227692
0.0403991574469
0.0182096015187
0.0451006634588
0.0137600593405
0.037421759501
0.021906915581
0.0272704078463
0.0295308997475
0.0100791942261
0.0327309600025
0.00868112246422
0.0251602156492
0.0104671503161
0.0208765767227
0.0193159442553
0.010445501
0.028469216678
0.00780343539538
0.0113855111813
0.00973058116723
0.00541106085066
0.0101160515274
0.00562232785537
0.00531919820054
0.00969829783059
0.0100591266618
0.00427135903174
0.0120742433465
0.0274351653521
0.0197364130193
0.0112500233722
0.0195375522769
0.0181743447865
0.0135627890302
0.0127727236304
0.00952809715945
0.00824477453246
0.0077397138786
0.0123133956883
0.00396614946091
0.00838684459852
0.00551286003682
0.011158220813
0.00193985936964
0.0120178465846
0.0168836355377
0.00401708855322
0.0145622365711
0.0105438352581
0.00522060474695
0.00374372655449
0.00549167247539
0.00380001673962
0.0106979018227
0.00879654136466
0.016056971428
0.00642870441061
0.00864339430926
0.00465567503359
0.0113770009852
0.00934986342581
0.00500773128153
0.00865701400748
0.00910245581942
0.0101580414985
0.0124514662694
0.00576213034345
0.00250344206285
0.00105703943123
0.011845828429
0.0133197658346
0.005954839771
0.00566341917147
0.00994759384135
0.011778584938
0.00192104447521
0.0116302298974
0.00503304925953
0.00452326667426
0.0128217204687
0.00734901922924
0.00525452528359
0.00375924111918
0.00835679081693
0.0121087322321
0.00506497661838
0.00811583572501
0.00780418213892
0.01300292107
0.00523666388737
0.013836724488
0.016054073053
0.012023007357
0.00288553964666
0.00960964238467
0.00777758618596
0.00691655172924
0.00482378274703
0.00739255502824
0.00240359887677
0.0141883591124
0.00801246164601
0.0105300954471
0.0107609235449
0.0051149706419
0.00836865792561
0.00942629718438
0.00883126928176
0.00233643343105
0.00332587408568
0.00388509592643
0.0102358794712
0.0087990261779
0.0134307882743
0.00576457771284
0.00227739584761
0.00838542618168
0.0124782254725
0.00570843315113
0.00632587726653
0.00184129709635
0.00614001193522
0.00505999231142
0.0107878412344
0.00840376658064
0.00104370941057
0.00536759716391
0.00704761690392
0.00616889713151
0.00563308449635
0.00470590244726
0.00912865639315
0.00981217625208
0.00967306995517
0.00499621176241
0.00649468780151
0.0030886297072
0.00494055396894
0.00780190198276
0.00570471222523
0.00566358803993
0.0057513222965
0.00537743936725
0.00336826177009
0.0120436982016
0.0073116302896
0.00433978814548
0.00541980355924
0.0077376279427
0.00482298555093
0.00250984420345
0.0105536713746
0.0159194904219
0.006934295598
0.00330452238632
0.00269722502234
0.00457727082427
0.010736221737
0.00260914785862
0.00168516528068
0.00459793240364
0.00327109809142
0.00589547410313
0.00964176727525
0.00922989798185
0.00969743552728
0.011674341356
0.0135328148947
0.00436512029981
0.00217042698076
0.00393215207581
0.0107117511748
0.00558254387721
0.00636472125676
0.00953298688106
0.0134772391849
0.00437003115658
0.00434484070889
0.00556787768427
0.00466104418387
0.00515667207008
0.0133667923667
0.00263192432843
0.0119741848373
0.0111256788379
0.00587355931922
0.00588989917455
0.002289074354
0.00795287846364
0.00747331309785
0.00616652434878
0.0110954526421
0.00162296956972
0.00440408074684
0.0103160861438
0.0172664989267
0.0194727480114
0.00497524545146
0.00619956036288
0.00174596642295
0.0113979219229
0.0118856579276
0.0018715431193
0.00936513886532
0.0012524614242
0.0173077670315
0.0131203826092
0.00906363211635
0.0132415148071
0.00915987581441
0.00794024278594
0.00572407338691
0.00875560262003
0.00716312762567
0.00219408933757
0.00598437311338
0.00375788363267
0.00255793211208
0.00877739587892
0.0114106318785
0.0117209299879
0.0112934586263
0.0161369664795
0.0148085488669
0.00511203590396
0.00361302646389
0.00505023265869
0.0100406818896
0.0115565446488
0.0090221798031
0.00393905982346
0.0096747656883
0.00200494402051
0.00252895588757
0.0133691888099
0.00228190543126
0.00514229953127
0.0116824585048
0.0182129197065
0.00642124388038
0.0108731127872
0.00737300994339
0.00389126507263
0.00266022878434
0.00246577496621
0.00878640042018
0.00314419004154
0.00709770268069
0.0158783651978
0.00871534239814
0.00746595284909
0.0123663530893
0.00587850677476
0.0116716962583
0.0160727460686
0.0123433098449
0.0134953092212
0.0131368387153
0.0187760018509
0.0211348923816
0.00431426630819
0.0125269347715
0.0180851869983
0.00376190324945
0.00915375234361
0.00991913279947
0.0106126253299
0.00365413051682
0.0076308529167
0.0189579662024
0.00502484515444
0.015375845377
0.0165177815665
0.0081372512607
0.00187603511275
0.00397107605465
0.0310714218921
0.0179883821584
0.0123961982462
0.0155817722591
0.0140253101219
0.00671908014289
0.00733203777261
0.0074815880491
0.0181016466328
0.00644000346649
0.0012211112497
0.0126967310188
0.011724871456
0.0216318909628
0.018268229829
0.00789245721897
0.0235919990981
0.0272092811893
0.00935856916493
0.0206799537969
0.0303592883385
0.0167992040266
0.0179286977391
0.0140872882559
0.0219714854
0.00802544295197
0.0115543019648
0.0210485553273
0.0203853528234
0.0333702201398
0.0282593833997
0.0168816540361
0.032745903629
0.0283310907395
0.0230211127941
0.0187305509367
0.0277857525649
0.00809508926084
0.0205872905734
0.0125367763712
0.00900324612129
0.0173295787752
0.0284518106748
0.0193838982369
0.0186411605323
0.0191926301959
0.0335142398127
0.0320882751254
0.0338918184827
0.0458818694591
0.0591920117964
0.0442503335345
0.0657824910745
0.0610453259827
0.0588839353778
0.0627018910432
0.0685481248164
0.0669067360365
0.0798444455321
0.0843585535347
0.07507673071
0.0798682991405
0.0754554116087
0.0656715256202
0.0807435544445
0.0676060806983
0.0728847796393
0.0490614526811
0.0370704920474
0.0366580414724
0.027608891576
0.0243896888061
0.0169516376699
0.0254193714105
0.0493691062224
0.0646313752364
0.0612862197957
0.0706922916503
0.0848811848091
0.0889498491853
0.0912015284681
0.0854201498917
0.0821005926466
0.0907990473315
0.0701390840405
0.0683495950497
0.0591423746306
0.0475739141677
0.0473160602635
0.0604173759774
0.0563639453257
0.0646241032385
0.0836525345039
0.0655894757924
0.0854775256979
0.0739782773444
0.0665701435712
0.0500880125493
0.0537751671192
0.0452007460077
0.0390111682384
0.0490750681095
0.0474076406619
0.0509680390088
0.0634167397205
0.0401781618498
0.0413969895369
0.0262304075667
0.0327236195036
0.0466986878742
0.0347344001677
0.0364821895975
0.0417056059364
0.0403036798145
0.0364340855928
0.0441499905432
0.0489798714696
0.0328587143262
0.0201059405066
0.0122459725255
0.0100613290938
0.0266125664526
0.0164010477842
0.0345847132974
0.0271316432897
0.0190999950145
0.0125437789753
0.0134071697308
0.030622892402
0.0281193675039
0.0397026737621
0.0115168325512
0.0173942918551
0.0141225285025
0.0225970017615
0.02435146552
0.0228197749891
0.0280021173382
0.0274512710001
0.0129875112584
0.0324589680381
0.0356794058177
0.0161908857581
0.0352479901298
0.0288751060773
0.0236422132369
0.0434734334407
0.0293872203255
0.0372834959056
0.0271780132144
0.0323649321442
0.0299654803286
0.0497496498808
0.0464054374403
0.0396527750649
0.038460041169
0.00722441274923
0.0613172244093
0.0512499254102
0.0212998528364
0.0421994859589
0.0338673685208
0.021763664599
0.0351608131343
0.0202799172058
0.0300857913115
0.0169071977903
0.0185146524616
0.0464229002644
0.0236671836848
0.0244589685485
0.0197906679543
0.022861599701
0.0250204703333
0.0357356964682
0.0518787508904
0.0365823428001
0.0137704425509
0.0294395935197
0.0107591360333
0.0180227778744
0.00994574886395
0.0225595380045
0.0401852234339
0.0107439421382
0.0342438497428
0.0108916328575
0.0103436908419
0.0135305357716
0.0116160883649
0.0198976386387
0.0115742769498
0.0196507021625
0.0055037900181
0.011015703862
0.00905473116121
0.0139382365237
