0.000549489264353
0.000940647684798
0.000862691048965
0.000634850385659
0.000589678825204
0.000433939650815
0.000370486508989
0.000343214945789
0.000538941948678
0.000171367851297
0.000357788504212
0.000232242585312
0.000464263787938
7.97280738862e-05
0.0004879815938
0.000677394335039
0.000159274906062
0.000570669298757
0.000408445614055
0.000199936930151
0.000141764989849
0.000205644451515
0.000140733988249
0.000391891332681
0.000318774724107
0.000575692615635
0.000228062946035
0.000303436605024
0.000161758012626
0.000391252024563
0.000318291433664
0.000168770250158
0.000288869456486
0.000300755297517
0.000332374453189
0.000403498602572
0.000184947581636
7.95951412093e-05
3.32937173675e-05
0.000369654979266
0.000411836628401
0.000182445129032
0.000171953335947
0.000299333207902
0.00035129304569
5.67920369975e-05
0.000340835903669
0.000146227168179
0.000130293037525
0.000366200704081
0.000208131253675
0.000147573071968
0.000104705546997
0.000230852498064
0.000331778654741
0.000137660910453
0.000218815515217
0.000208742908035
0.000345057986048
0.000137879470852
0.000361491808948
0.000416194906033
0.000309311947242
7.36729385126e-05
0.000243506446424
0.000195611738031
0.000172667554752
0.000119537373541
0.000181856520204
5.86999570981e-05
0.000344010936636
0.000192882490857
0.00025169122409
0.000255397169193
0.000120548548569
0.000195861105695
0.000219092748369
0.000203856775024
5.35662143502e-05
7.57354073559e-05
8.78760153033e-05
0.00022997931822
0.000196386911551
0.000297791839709
0.000126978720137
4.98393857832e-05
0.0001823258806
0.000269577169028
0.000122538382969
0.000134933116885
3.90284785809e-05
0.000129331439231
0.000105920216247
0.000224426641087
0.000173756577867
2.14481890553e-05
0.000109635410839
0.000143083342971
0.000124493287347
0.000113003491402
9.38449902006e-05
0.000180972596226
0.000193385589255
0.00018953558477
9.73306474198e-05
0.000125795153388
5.94816042889e-05
9.46058207501e-05
0.000148553230758
0.000108011156655
0.000106633460388
0.000107683726993
0.000100127143212
6.23719505534e-05
0.000221801077843
0.000133921800076
7.90590658742e-05
9.820316376e-05
0.000139450833538
8.64595537035e-05
4.47548223434e-05
0.000187199568641
0.000280899310118
0.00012171833421
5.77040462355e-05
4.68565520652e-05
7.91091786824e-05
0.000184607898699
4.46362131361e-05
2.86835031017e-05
7.78689616592e-05
5.51211728567e-05
9.88502009284e-05
0.000160864477634
0.000153234212487
0.000160207045495
0.000191925819938
0.000221399073405
7.10690891628e-05
3.51671134456e-05
6.34072470049e-05
0.000171907988608
8.91670847071e-05
0.000101180869074
0.00015083574399
0.000212247234615
6.85016371898e-05
6.7791459744e-05
8.64738569603e-05
7.20579004671e-05
7.93560928804e-05
0.000204766731925
4.01361769484e-05
0.000181780737544
0.000168142125828
8.83706844522e-05
8.82226746522e-05
3.41355054898e-05
0.00011807375263
0.000110467164978
9.0752760914e-05
0.000162581851831
2.36784502746e-05
6.39767487693e-05
0.000149215492555
0.000248681401584
0.000279263553194
7.10489045424e-05
8.81591562019e-05
2.47237195296e-05
0.000160724711389
0.000166904045378
2.61720458672e-05
0.000130422864151
1.73705257253e-05
0.000239059547059
0.000180482581149
0.000124171532287
0.000180673973143
0.000124478051851
0.000107470510699
7.71649470084e-05
0.000117562063099
9.57981287849e-05
2.92272977287e-05
7.94035326044e-05
4.96658674274e-05
3.36747148255e-05
0.000115103211456
0.00014905442262
0.000152516624735
0.000146389017175
0.000208370516085
0.000190487327748
6.55078015575e-05
4.61234827994e-05
6.42274071487e-05
0.000127214451315
0.000145871892706
0.00011345706945
4.935091105e-05
0.000120762353814
2.49337636412e-05
3.13348217008e-05
0.000165043067771
2.80673853342e-05
6.3020167634e-05
0.000142652715406
0.000221592308424
7.78447353974e-05
0.000131342285004
8.87445447994e-05
4.66701690342e-05
3.1792505702e-05
2.93644507134e-05
0.000104267156315
3.71808064771e-05
8.36385794005e-05
0.000186457032253
0.000101987475996
8.70647340837e-05
0.000143713816392
6.8081468046e-05
0.000134711912997
0.000184874639816
0.000141494376034
0.000154175619432
0.000149573285976
0.000213059816151
0.000239022428472
4.86284737406e-05
0.000140727327156
0.000202493639369
4.19812684822e-05
0.000101814916091
0.000109965131768
0.000117267555074
4.0245516615e-05
8.37702063158e-05
0.000207441625096
5.48048611148e-05
0.000167159932459
0.000178997187623
8.78978009878e-05
2.02000062062e-05
4.26219617101e-05
0.000332434012794
0.00019184915942
0.000131790506994
0.000165137083546
0.000148175590885
7.07643824115e-05
7.6979403075e-05
7.83055956666e-05
0.000188873243369
6.69878391408e-05
1.26627125751e-05
0.000131259031933
0.000120841251737
0.000222267272046
0.000187135183181
8.06033652777e-05
0.00024021030077
0.000276206479827
9.47152911739e-05
0.000208669019396
0.000305422943072
0.000168501707102
0.00017929728877
0.000140464176972
0.000218431163141
7.9550877168e-05
0.000114194243615
0.00020742020783
0.000200299096495
0.000326930551387
0.000276056809514
0.000164434815314
0.000318040466948
0.000274371456655
0.000222308344016
0.000180358820019
0.000266790232393
7.75057380592e-05
0.000196552859645
0.000119354141935
8.54723505218e-05
0.00016405629013
0.000268594163853
0.000182479033631
0.000174998117042
0.000179674676861
0.000312879456756
0.000298739520753
0.000314661149281
0.00042480987057
0.000546543978992
0.000407465028955
0.000604086498267
0.000559061359643
0.00053780562355
0.000571128447777
0.000622696675494
0.000606152334104
0.000721424281153
0.000760172929844
0.000674728356913
0.000715882042962
0.000674534116358
0.00058551790946
0.000717998491213
0.000599593671957
0.000644713474779
0.00043284451469
0.000326200373868
0.000321731002117
0.000241681339632
0.000212948130774
0.000147623525863
0.00022079435162
0.000427720968317
0.00055851349072
0.00052825176263
0.000607772256175
0.000727903420999
0.000760858456822
0.000778143867319
0.000726975912231
0.000696964508644
0.000768870321989
0.000592436861035
0.00057587845704
0.000497060512375
0.000398839083351
0.000395693036905
0.000504005611687
0.000469030667138
0.000536442742212
0.000692691043704
0.000541787367532
0.000704341879781
0.00060810032463
0.000545874176254
0.000409724054211
0.000438820183725
0.000367959601065
0.000316807706257
0.000397578103953
0.000383148531332
0.000410938205909
0.000510087599694
0.000322400458936
0.000331391634897
0.000209482363672
0.00026072089884
0.000371187804863
0.000275439201827
0.000288619835472
0.000329170902515
0.000317362646313
0.000286223613267
0.000346032616904
0.000382996891222
0.000256343138763
0.000156491723868
9.50951634142e-05
7.79508715631e-05
0.000205709878406
0.000126486750295
0.000266112299112
0.000208289058163
0.000146297011714
9.58616017651e-05
0.000102227965082
0.000232968584006
0.000213440807603
0.000300686979188
8.70268114047e-05
0.000131145715679
0.000106240308656
0.000169613086148
0.000182375907991
0.000170525642207
0.000208788855734
0.000204229809862
9.6410639155e-05
0.000240424205441
0.000263698493372
0.000119401363496
0.000259372398455
0.000212014605763
0.000173214871598
0.000317817563348
0.000214373654371
0.000271387921119
0.000197403388291
0.000234572245779
0.000216715615038
0.000359027757089
0.000334178030902
0.000284941444473
0.000275782538411
5.16935694235e-05
0.000437819768529
0.000365163175217
0.00015144437213
0.000299411466892
0.000239789067391
0.000153768905504
0.000247905345441
0.000142687372925
0.000211239474873
0.000118462647612
0.000129456363693
0.000323921680256
0.000164799578893
0.00016996178276
0.000137239479069
0.000158209490803
0.000172794742794
0.000246290845358
0.000356819276785
0.000251098952373
9.43273584952e-05
0.000201251797434
7.34015663256e-05
0.000122707585063
6.75788333742e-05
0.000152977898508
0.000271951790483
7.256346171e-05
0.000230816821532
7.32672929002e-05
6.94427150362e-05
9.0657113389e-05
7.76755341597e-05
0.000132789898548
7.7090032893e-05
0.000130624605485
3.6513462803e-05
7.29372437633e-05
5.9835684311e-05
9.19267291385e-05
9.19267291385e-05
5.9835684311e-05
7.29372437633e-05
3.6513462803e-05
0.000130624605485
7.7090032893e-05
0.000132789898548
7.76755341597e-05
9.06571133889e-05
6.94427150362e-05
7.32672929001e-05
0.000230816821532
7.25634617099e-05
0.000271951790483
0.000152977898508
6.75788333738e-05
0.000122707585063
7.34015663253e-05
0.000201251797434
9.43273584951e-05
0.000251098952373
0.000356819276785
0.000246290845358
0.000172794742794
0.000158209490803
0.000137239479069
0.00016996178276
0.000164799578893
0.000323921680256
0.000129456363693
0.000118462647612
0.000211239474873
0.000142687372925
0.000247905345441
0.000153768905504
0.000239789067391
0.000299411466892
0.00015144437213
0.000365163175217
0.000437819768529
5.16935694235e-05
0.000275782538411
0.000284941444473
0.000334178030902
0.000359027757089
0.000216715615038
0.000234572245779
0.000197403388291
0.000271387921119
0.000214373654371
0.000317817563348
0.000173214871598
0.000212014605763
0.000259372398455
0.000119401363496
0.000263698493372
0.000240424205441
9.6410639155e-05
0.000204229809862
0.000208788855734
0.000170525642207
0.000182375907991
0.000169613086148
0.000106240308656
0.000131145715679
8.70268114047e-05
0.000300686979188
0.000213440807603
0.000232968584006
0.000102227965082
9.58616017651e-05
0.000146297011714
0.000208289058163
0.000266112299112
0.000126486750295
0.000205709878406
7.79508715631e-05
9.50951634142e-05
0.000156491723868
0.000256343138763
0.000382996891222
0.000346032616903
0.000286223613267
0.000317362646314
0.000329170902515
0.000288619835472
0.000275439201827
0.000371187804863
0.00026072089884
0.000209482363672
0.000331391634897
0.000322400458936
0.000510087599694
0.000410938205909
0.000383148531332
0.000397578103953
0.000316807706257
0.000367959601065
0.000438820183725
0.000409724054211
0.000545874176254
0.00060810032463
0.000704341879781
0.000541787367532
0.000692691043704
0.000536442742212
0.000469030667138
0.000504005611687
0.000395693036905
0.000398839083351
0.000497060512375
0.00057587845704
0.000592436861035
0.000768870321989
0.000696964508643
0.000726975912231
0.000778143867319
0.000760858456822
0.000727903420999
0.000607772256175
0.00052825176263
0.00055851349072
0.000427720968317
0.00022079435162
0.000147623525863
0.000212948130774
0.000241681339632
0.000321731002117
0.000326200373868
0.00043284451469
0.000644713474779
0.000599593671957
0.000717998491213
0.00058551790946
0.000674534116358
0.000715882042962
0.000674728356913
0.000760172929844
0.000721424281152
0.000606152334104
0.000622696675494
0.000571128447777
0.00053780562355
0.000559061359643
0.000604086498267
0.000407465028955
0.000546543978992
0.00042480987057
0.000314661149281
0.000298739520753
0.000312879456756
0.000179674676861
0.000174998117042
0.000182479033631
0.000268594163853
0.00016405629013
8.54723505218e-05
0.000119354141935
0.000196552859645
7.75057380592e-05
0.000266790232393
0.000180358820019
0.000222308344016
0.000274371456655
0.000318040466948
0.000164434815314
0.000276056809514
0.000326930551387
0.000200299096495
0.00020742020783
0.000114194243615
7.9550877168e-05
0.000218431163141
0.000140464176972
0.00017929728877
0.000168501707102
0.000305422943072
0.000208669019396
9.47152911739e-05
0.000276206479827
0.000240210300771
8.06033652777e-05
0.000187135183181
0.000222267272046
0.000120841251737
0.000131259031933
1.26627125751e-05
6.69878391408e-05
0.000188873243369
7.83055956666e-05
7.6979403075e-05
7.07643824115e-05
0.000148175590885
0.000165137083546
0.000131790506994
0.00019184915942
0.000332434012794
4.26219617101e-05
2.02000062061e-05
8.78978009878e-05
0.000178997187623
0.000167159932459
5.48048611148e-05
0.000207441625096
8.37702063158e-05
4.0245516615e-05
0.000117267555074
0.000109965131768
0.000101814916091
4.19812684822e-05
0.000202493639369
0.000140727327156
4.86284737406e-05
0.000239022428472
0.000213059816151
0.000149573285976
0.000154175619432
0.000141494376034
0.000184874639816
0.000134711912997
6.8081468046e-05
0.000143713816392
8.70647340837e-05
0.000101987475996
0.000186457032253
8.36385794005e-05
3.71808064771e-05
0.000104267156315
2.93644507134e-05
3.1792505702e-05
4.66701690342e-05
8.87445447994e-05
0.000131342285004
7.78447353974e-05
0.000221592308424
0.000142652715406
6.3020167634e-05
2.80673853342e-05
0.000165043067771
3.13348217008e-05
2.49337636413e-05
0.000120762353814
4.935091105e-05
0.00011345706945
0.000145871892706
0.000127214451315
6.42274071484e-05
4.61234827994e-05
6.55078015575e-05
0.000190487327748
0.000208370516085
0.000146389017175
0.000152516624735
0.00014905442262
0.000115103211456
3.36747148256e-05
4.96658674274e-05
7.94035326043e-05
2.92272977287e-05
9.57981287849e-05
0.000117562063099
7.71649470084e-05
0.000107470510699
0.000124478051851
0.000180673973143
0.000124171532287
0.000180482581149
0.000239059547059
1.73705257253e-05
0.000130422864151
2.61720458671e-05
0.000166904045378
0.000160724711389
2.47237195296e-05
8.81591562019e-05
7.10489045424e-05
0.000279263553194
0.000248681401584
0.000149215492555
6.39767487695e-05
2.36784502746e-05
0.000162581851831
9.0752760914e-05
0.000110467164978
0.00011807375263
3.41355054898e-05
8.82226746522e-05
8.83706844522e-05
0.000168142125828
0.000181780737544
4.01361769484e-05
0.000204766731925
7.93560928804e-05
7.20579004671e-05
8.64738569603e-05
6.7791459744e-05
6.85016371898e-05
0.000212247234615
0.00015083574399
0.000101180869074
8.91670847071e-05
0.000171907988608
6.34072470049e-05
3.51671134456e-05
7.10690891628e-05
0.000221399073405
0.000191925819938
0.000160207045495
0.000153234212487
0.000160864477634
9.88502009284e-05
5.51211728567e-05
7.78689616595e-05
2.86835031017e-05
4.4636213136e-05
0.000184607898699
7.91091786824e-05
4.68565520652e-05
5.77040462355e-05
0.00012171833421
0.000280899310118
0.000187199568641
4.47548223434e-05
8.64595537034e-05
0.000139450833538
9.820316376e-05
7.90590658742e-05
0.000133921800076
0.000221801077843
6.23719505534e-05
0.000100127143212
0.000107683726993
0.000106633460388
0.000108011156655
0.000148553230758
9.46058207501e-05
5.94816042889e-05
0.000125795153388
9.73306474197e-05
0.00018953558477
0.000193385589255
0.000180972596226
9.38449902006e-05
0.000113003491402
0.000124493287347
0.000143083342971
0.000109635410839
2.14481890552e-05
0.000173756577867
0.000224426641087
0.000105920216247
0.000129331439231
3.90284785809e-05
0.000134933116885
0.000122538382969
0.000269577169028
0.0001823258806
4.98393857833e-05
0.000126978720137
0.000297791839709
0.000196386911551
0.00022997931822
8.78760153033e-05
7.57354073559e-05
5.35662143502e-05
0.000203856775024
0.000219092748369
0.000195861105695
0.000120548548569
0.000255397169193
0.00025169122409
0.000192882490857
0.000344010936636
5.86999570981e-05
0.000181856520204
0.000119537373541
0.000172667554752
0.000195611738031
0.000243506446424
7.36729385126e-05
0.000309311947242
0.000416194906033
0.000361491808948
0.000137879470852
0.000345057986048
0.000208742908035
0.000218815515217
0.000137660910453
0.000331778654741
0.000230852498064
0.000104705546997
0.000147573071968
0.000208131253675
0.000366200704081
0.000130293037525
0.000146227168179
0.000340835903669
5.67920369975e-05
0.00035129304569
0.000299333207902
0.000171953335947
0.000182445129032
0.000411836628401
0.000369654979266
3.32937173675e-05
7.95951412093e-05
0.000184947581636
0.000403498602572
0.000332374453189
0.000300755297517
0.000288869456486
0.000168770250157
0.000318291433664
0.000391252024563
0.000161758012626
0.000303436605024
0.000228062946035
0.000575692615635
0.000318774724107
0.000391891332681
0.000140733988249
0.000205644451515
0.000141764989849
0.000199936930151
0.000408445614055
0.000570669298757
0.000159274906062
0.000677394335039
0.0004879815938
7.97280738862e-05
0.000464263787938
0.000232242585312
0.000357788504212
0.000171367851297
0.000538941948678
0.000343214945789
0.000370486508989
0.000433939650815
0.000589678825204
0.000634850385659
0.000862691048965
0.000940647684798
0.000549489264353
0.000978169664423
0.00138002723451
0.000616553640967
0.000221466274008
0.000529706351675
0.000518811800164
0.00028914078873
0.00031062843591
0.000568217572293
0.000309090234524
0.000565412836412
0.000673182095044
0.000469626602535
0.00174448687454
0.000651914128034
0.00122827313115
0.00135304057399
0.000691692653045
0.00169589606567
0.000597082964837
0.00229811831486
0.000722741235922
0.00216358382216
0.00204236799966
0.00167796707955
0.00293299029285
0.00110414445115
0.00370726773789
0.00153424716244
0.00349110232689
0.00349506152011
0.00237370564424
0.00386923688374
0.00251760536936
0.00397498586776
0.00318584345352
0.0036725306975
0.00326198799134
0.0031653533015
0.00389798490696
0.00293487060394
0.00458582762359
0.0014336818425
0.00463698181703
0.00270556894283
0.00441760538485
0.00540846961869
0.00135958764389
0.00800635042443
0.00540778747051
0.00660309004367
0.0113749513587
0.00148771255677
0.0169579410864
0.0068593913485
0.0197940233145
0.0213948643226
0.0148991826814
0.0365317994508
0.00557320440652
0.0499616179268
0.0206973577607
0.0616211196393
0.0571404726219
0.0717755419565
0.13215909361
0.0657646690393
0.456234995898
1.7507210037e-17
0.135373518648
0.0390272325911
0.117642278765
0.0851886221343
0.0847732737028
0.10970488275
0.0429890718681
0.118596426436
0.014883072708
0.10839673148
0.048629550187
0.0761791118274
0.0763523752208
0.0284943489949
0.075476109062
0.0070629175002
0.0573777602839
0.0352667019004
0.030487256056
0.0475127001754
0.00847172063361
0.0353054862648
0.0301480951207
0.0192670386636
0.0343969966202
0.0110604107358
0.0367389392008
0.0243832792138
0.0335415612126
0.028176598773
0.0300046920567
0.0348706895232
0.0311948925167
0.0401014086233
0.0261457330472
0.0413307172425
0.0260599578349
0.0394079227692
0.0403991574469
0.0182096015187
0.0451006634588
0.0137600593405
0.037421759501
0.021906915581
0.0272704078463
0.0295308997475
0.0100791942261
0.0327309600025
0.00868112246422
0.0251602156492
0.0104671503161
0.0208765767227
0.0193159442553
0.010445501
0.028469216678
0.00780343539538
0.0113855111813
0.00973058116723
0.00541106085066
0.0101160515274
0.00562232785537
0.00531919820054
0.00969829783059
0.0100591266618
0.00427135903174
0.0120742433465
0.0274351653521
0.0197364130193
0.0112500233722
0.0195375522769
0.0181743447865
0.0135627890302
0.0127727236304
0.00952809715945
0.00824477453246
0.0077397138786
0.0123133956883
0.00396614946091
0.00838684459852
0.00551286003682
0.011158220813
0.00193985936964
0.0120178465846
0.0168836355377
0.00401708855322
0.0145622365711
0.0105438352581
0.00522060474695
0.00374372655449
0.00549167247539
0.00380001673962
0.0106979018227
0.00879654136466
0.016056971428
0.00642870441061
0.00864339430926
0.00465567503359
0.0113770009852
0.00934986342581
0.00500773128153
0.00865701400748
0.00910245581942
0.0101580414985
0.0124514662694
0.00576213034345
0.00250344206285
0.00105703943123
0.011845828429
0.0133197658346
0.005954839771
0.00566341917147
0.00994759384135
0.011778584938
0.00192104447521
0.0116302298974
0.00503304925953
0.00452326667426
0.0128217204687
0.00734901922924
0.00525452528359
0.00375924111918
0.00835679081693
0.0121087322321
0.00506497661838
0.00811583572501
0.00780418213892
0.01300292107
0.00523666388737
0.013836724488
0.016054073053
0.012023007357
0.00288553964666
0.00960964238467
0.00777758618596
0.00691655172924
0.00482378274703
0.00739255502824
0.00240359887677
0.0141883591124
0.00801246164601
0.0105300954471
0.0107609235449
0.0051149706419
0.00836865792561
0.00942629718438
0.00883126928176
0.00233643343105
0.00332587408568
0.00388509592643
0.0102358794712
0.0087990261779
0.0134307882743
0.00576457771284
0.00227739584761
0.00838542618168
0.0124782254725
0.00570843315113
0.00632587726653
0.00184129709635
0.00614001193522
0.00505999231142
0.0107878412344
0.00840376658064
0.00104370941057
0.00536759716391
0.00704761690392
0.00616889713151
0.00563308449635
0.00470590244726
0.00912865639315
0.00981217625208
0.00967306995517
0.00499621176241
0.00649468780151
0.0030886297072
0.00494055396894
0.00780190198276
0.00570471222523
0.00566358803993
0.0057513222965
0.00537743936725
0.00336826177009
0.0120436982016
0.0073116302896
0.00433978814548
0.00541980355924
0.0077376279427
0.00482298555093
0.00250984420345
0.0105536713746
0.0159194904219
0.006934295598
0.00330452238632
0.00269722502234
0.00457727082427
0.010736221737
0.00260914785862
0.00168516528068
0.00459793240364
0.00327109809142
0.00589547410313
0.00964176727525
0.00922989798185
0.00969743552728
0.011674341356
0.0135328148947
0.00436512029981
0.00217042698076
0.00393215207581
0.0107117511748
0.00558254387721
0.00636472125676
0.00953298688106
0.0134772391849
0.00437003115658
0.00434484070889
0.00556787768427
0.00466104418387
0.00515667207008
0.0133667923667
0.00263192432843
0.0119741848373
0.0111256788379
0.00587355931922
0.00588989917455
0.002289074354
0.00795287846364
0.00747331309785
0.00616652434878
0.0110954526421
0.00162296956972
0.00440408074684
0.0103160861438
0.0172664989267
0.0194727480114
0.00497524545146
0.00619956036288
0.00174596642295
0.0113979219229
0.0118856579276
0.0018715431193
0.00936513886532
0.0012524614242
0.0173077670315
0.0131203826092
0.00906363211635
0.0132415148071
0.00915987581441
0.00794024278594
0.00572407338691
0.00875560262003
0.00716312762567
0.00219408933757
0.00598437311338
0.00375788363267
0.00255793211208
0.00877739587892
0.0114106318785
0.0117209299879
0.0112934586263
0.0161369664795
0.0148085488669
0.00511203590396
0.00361302646389
0.00505023265869
0.0100406818896
0.0115565446488
0.0090221798031
0.00393905982346
0.0096747656883
0.00200494402051
0.00252895588757
0.0133691888099
0.00228190543126
0.00514229953127
0.0116824585048
0.0182129197065
0.00642124388038
0.0108731127872
0.00737300994339
0.00389126507263
0.00266022878434
0.00246577496621
0.00878640042018
0.00314419004154
0.00709770268069
0.0158783651978
0.00871534239814
0.00746595284909
0.0123663530893
0.00587850677476
0.0116716962583
0.0160727460686
0.0123433098449
0.0134953092212
0.0131368387153
0.0187760018509
0.0211348923816
0.00431426630819
0.0125269347715
0.0180851869983
0.00376190324945
0.00915375234361
0.00991913279947
0.0106126253299
0.00365413051682
0.0076308529167
0.0189579662024
0.00502484515444
0.015375845377
0.0165177815665
0.0081372512607
0.00187603511275
0.00397107605465
0.0310714218921
0.0179883821584
0.0123961982462
0.0155817722591
0.0140253101219
0.00671908014289
0.00733203777261
0.0074815880491
0.0181016466328
0.00644000346649
0.0012211112497
0.0126967310188
0.011724871456
0.0216318909628
0.018268229829
0.00789245721897
0.0235919990981
0.0272092811893
0.00935856916493
0.0206799537969
0.0303592883385
0.0167992040266
0.0179286977391
0.0140872882559
0.0219714854
0.00802544295197
0.0115543019648
0.0210485553273
0.0203853528234
0.0333702201398
0.0282593833997
0.0168816540361
0.032745903629
0.0283310907395
0.0230211127941
0.0187305509367
0.0277857525649
0.00809508926084
0.0205872905734
0.0125367763712
0.00900324612129
0.0173295787752
0.0284518106748
0.0193838982369
0.0186411605323
0.0191926301959
0.0335142398127
0.0320882751254
0.0338918184827
0.0458818694591
0.0591920117964
0.0442503335345
0.0657824910745
0.0610453259827
0.0588839353778
0.0627018910432
0.0685481248164
0.0669067360365
0.0798444455321
0.0843585535347
0.07507673071
0.0798682991405
0.0754554116087
0.0656715256202
0.0807435544445
0.0676060806983
0.0728847796393
0.0490614526811
0.0370704920474
0.0366580414724
0.027608891576
0.0243896888061
0.0169516376699
0.0254193714105
0.0493691062224
0.0646313752364
0.0612862197957
0.0706922916503
0.0848811848091
0.0889498491853
0.0912015284681
0.0854201498917
0.0821005926466
0.0907990473315
0.0701390840405
0.0683495950497
0.0591423746306
0.0475739141677
0.0473160602635
0.0604173759774
0.0563639453257
0.0646241032385
0.0836525345039
0.0655894757924
0.0854775256979
0.0739782773444
0.0665701435712
0.0500880125493
0.0537751671192
0.0452007460077
0.0390111682384
0.0490750681095
0.0474076406619
0.0509680390088
0.0634167397205
0.0401781618498
0.0413969895369
0.0262304075667
0.0327236195036
0.0466986878742
0.0347344001677
0.0364821895975
0.0417056059364
0.0403036798145
0.0364340855928
0.0441499905432
0.0489798714696
0.0328587143262
0.0201059405066
0.0122459725255
0.0100613290938
0.0266125664526
0.0164010477842
0.0345847132974
0.0271316432897
0.0190999950145
0.0125437789753
0.0134071697308
0.030622892402
0.0281193675039
0.0397026737621
0.0115168325512
0.0173942918551
0.0141225285025
0.0225970017615
0.02435146552
0.0228197749891
0.0280021173382
0.0274512710001
0.0129875112584
0.0324589680381
0.0356794058177
0.0161908857581
0.0352479901298
0.0288751060773
0.0236422132369
0.0434734334407
0.0293872203255
0.0372834959056
0.0271780132144
0.0323649321442
0.0299654803286
0.0497496498808
0.0464054374403
0.0396527750649
0.038460041169
0.00722441274923
0.0613172244093
0.0512499254102
0.0212998528364
0.0421994859589
0.0338673685208
0.021763664599
0.0351608131343
0.0202799172058
0.0300857913115
0.0169071977903
0.0185146524616
0.0464229002644
0.0236671836848
0.0244589685485
0.0197906679543
0.022861599701
0.0250204703333
0.0357356964682
0.0518787508904
0.0365823428001
0.0137704425509
0.0294395935197
0.0107591360333
0.0180227778744
0.00994574886395
0.0225595380045
0.0401852234339
0.0107439421382
0.0342438497428
0.0108916328575
0.0103436908419
0.0135305357716
0.0116160883649
0.0198976386387
0.0115742769498
0.0196507021625
0.0055037900181
0.011015703862
0.00905473116121
0.0139382365237
-0.0139382365237
-0.00905473116121
-0.011015703862
-0.00550379001809
-0.0196507021625
-0.0115742769498
-0.0198976386387
-0.0116160883649
-0.0135305357716
-0.0103436908419
-0.0108916328575
-0.0342438497428
-0.0107439421381
-0.0401852234339
-0.0225595380045
-0.00994574886389
-0.0180227778744
-0.0107591360333
-0.0294395935197
-0.0137704425509
-0.0365823428001
-0.0518787508904
-0.0357356964682
-0.0250204703333
-0.022861599701
-0.0197906679543
-0.0244589685485
-0.0236671836848
-0.0464229002644
-0.0185146524616
-0.0169071977903
-0.0300857913115
-0.0202799172058
-0.0351608131343
-0.021763664599
-0.0338673685208
-0.0421994859589
-0.0212998528364
-0.0512499254102
-0.0613172244093
-0.00722441274923
-0.038460041169
-0.0396527750649
-0.0464054374403
-0.0497496498808
-0.0299654803286
-0.0323649321442
-0.0271780132144
-0.0372834959056
-0.0293872203255
-0.0434734334407
-0.0236422132369
-0.0288751060773
-0.0352479901298
-0.0161908857581
-0.0356794058177
-0.0324589680381
-0.0129875112584
-0.0274512710001
-0.0280021173382
-0.0228197749891
-0.02435146552
-0.0225970017615
-0.0141225285025
-0.0173942918551
-0.0115168325512
-0.0397026737621
-0.0281193675039
-0.030622892402
-0.0134071697308
-0.0125437789753
-0.0190999950145
-0.0271316432897
-0.0345847132974
-0.0164010477842
-0.0266125664526
-0.0100613290938
-0.0122459725255
-0.0201059405066
-0.0328587143263
-0.0489798714696
-0.0441499905431
-0.0364340855928
-0.0403036798145
-0.0417056059364
-0.0364821895975
-0.0347344001677
-0.0466986878742
-0.0327236195036
-0.0262304075667
-0.0413969895369
-0.0401781618498
-0.0634167397205
-0.0509680390088
-0.0474076406619
-0.0490750681095
-0.0390111682384
-0.0452007460077
-0.0537751671192
-0.0500880125493
-0.0665701435712
-0.0739782773444
-0.0854775256979
-0.0655894757924
-0.0836525345039
-0.0646241032385
-0.0563639453257
-0.0604173759774
-0.0473160602635
-0.0475739141677
-0.0591423746306
-0.0683495950497
-0.0701390840405
-0.0907990473315
-0.0821005926466
-0.0854201498917
-0.0912015284681
-0.0889498491853
-0.0848811848091
-0.0706922916503
-0.0612862197957
-0.0646313752364
-0.0493691062224
-0.0254193714105
-0.0169516376699
-0.0243896888061
-0.027608891576
-0.0366580414724
-0.0370704920474
-0.0490614526811
-0.0728847796393
-0.0676060806983
-0.0807435544445
-0.0656715256202
-0.0754554116087
-0.0798682991405
-0.07507673071
-0.0843585535347
-0.0798444455321
-0.0669067360365
-0.0685481248163
-0.0627018910432
-0.0588839353778
-0.0610453259827
-0.0657824910745
-0.0442503335344
-0.0591920117964
-0.0458818694591
-0.0338918184827
-0.0320882751254
-0.0335142398127
-0.0191926301959
-0.0186411605323
-0.0193838982369
-0.0284518106748
-0.0173295787752
-0.00900324612129
-0.0125367763712
-0.0205872905734
-0.00809508926084
-0.0277857525649
-0.0187305509367
-0.0230211127941
-0.0283310907395
-0.032745903629
-0.0168816540361
-0.0282593833997
-0.0333702201398
-0.0203853528234
-0.0210485553273
-0.0115543019648
-0.00802544295197
-0.0219714854
-0.0140872882559
-0.0179286977391
-0.0167992040266
-0.0303592883385
-0.0206799537969
-0.00935856916493
-0.0272092811893
-0.0235919990982
-0.00789245721897
-0.018268229829
-0.0216318909628
-0.011724871456
-0.0126967310188
-0.0012211112497
-0.00644000346649
-0.0181016466328
-0.0074815880491
-0.00733203777261
-0.00671908014289
-0.0140253101219
-0.0155817722591
-0.0123961982462
-0.0179883821584
-0.0310714218921
-0.00397107605465
-0.00187603511275
-0.0081372512607
-0.0165177815665
-0.015375845377
-0.00502484515444
-0.0189579662024
-0.00763085291671
-0.00365413051682
-0.0106126253299
-0.00991913279947
-0.00915375234361
-0.00376190324945
-0.0180851869984
-0.0125269347716
-0.0043142663082
-0.0211348923816
-0.0187760018509
-0.0131368387153
-0.0134953092212
-0.0123433098449
-0.0160727460686
-0.0116716962583
-0.00587850677476
-0.0123663530893
-0.00746595284909
-0.00871534239814
-0.0158783651978
-0.00709770268069
-0.00314419004154
-0.00878640042018
-0.00246577496621
-0.00266022878434
-0.00389126507263
-0.00737300994339
-0.0108731127872
-0.00642124388039
-0.0182129197065
-0.0116824585048
-0.00514229953127
-0.00228190543125
-0.0133691888099
-0.00252895588757
-0.00200494402051
-0.00967476568831
-0.00393905982346
-0.0090221798031
-0.0115565446488
-0.0100406818896
-0.00505023265867
-0.00361302646389
-0.00511203590396
-0.0148085488669
-0.0161369664795
-0.0112934586263
-0.0117209299879
-0.0114106318785
-0.00877739587892
-0.00255793211208
-0.00375788363267
-0.00598437311338
-0.00219408933757
-0.00716312762567
-0.00875560262003
-0.00572407338691
-0.00794024278594
-0.00915987581441
-0.0132415148071
-0.00906363211635
-0.0131203826092
-0.0173077670315
-0.0012524614242
-0.00936513886532
-0.0018715431193
-0.0118856579276
-0.0113979219229
-0.00174596642295
-0.00619956036288
-0.00497524545146
-0.0194727480114
-0.0172664989267
-0.0103160861438
-0.00440408074686
-0.00162296956972
-0.0110954526421
-0.00616652434878
-0.00747331309785
-0.00795287846364
-0.002289074354
-0.00588989917455
-0.00587355931922
-0.0111256788379
-0.0119741848373
-0.00263192432843
-0.0133667923667
-0.00515667207008
-0.00466104418387
-0.00556787768427
-0.00434484070889
-0.00437003115658
-0.0134772391849
-0.00953298688106
-0.00636472125676
-0.00558254387721
-0.0107117511748
-0.00393215207581
-0.00217042698076
-0.00436512029981
-0.0135328148947
-0.011674341356
-0.00969743552728
-0.00922989798185
-0.00964176727525
-0.00589547410314
-0.00327109809142
-0.00459793240366
-0.00168516528068
-0.00260914785861
-0.010736221737
-0.00457727082427
-0.00269722502234
-0.00330452238632
-0.006934295598
-0.0159194904219
-0.0105536713746
-0.00250984420345
-0.00482298555092
-0.0077376279427
-0.00541980355924
-0.00433978814548
-0.0073116302896
-0.0120436982016
-0.00336826177009
-0.00537743936725
-0.0057513222965
-0.00566358803993
-0.00570471222523
-0.00780190198277
-0.00494055396894
-0.0030886297072
-0.00649468780151
-0.00499621176241
-0.00967306995517
-0.00981217625208
-0.00912865639315
-0.00470590244726
-0.00563308449635
-0.00616889713151
-0.00704761690392
-0.00536759716391
-0.00104370941056
-0.00840376658064
-0.0107878412344
-0.00505999231142
-0.00614001193522
-0.00184129709635
-0.00632587726653
-0.00570843315113
-0.0124782254725
-0.00838542618168
-0.00227739584761
-0.00576457771284
-0.0134307882743
-0.0087990261779
-0.0102358794712
-0.00388509592643
-0.00332587408568
-0.00233643343105
-0.00883126928176
-0.00942629718438
-0.00836865792561
-0.0051149706419
-0.0107609235449
-0.0105300954471
-0.00801246164601
-0.0141883591124
-0.00240359887677
-0.00739255502824
-0.00482378274703
-0.00691655172924
-0.00777758618596
-0.00960964238467
-0.00288553964666
-0.0120230073569
-0.016054073053
-0.013836724488
-0.00523666388737
-0.01300292107
-0.00780418213892
-0.00811583572501
-0.00506497661838
-0.0121087322321
-0.00835679081694
-0.00375924111918
-0.00525452528359
-0.00734901922924
-0.0128217204687
-0.00452326667426
-0.00503304925953
-0.0116302298974
-0.00192104447521
-0.011778584938
-0.00994759384135
-0.00566341917147
-0.005954839771
-0.0133197658346
-0.011845828429
-0.00105703943123
-0.00250344206285
-0.00576213034345
-0.0124514662694
-0.0101580414985
-0.00910245581942
-0.00865701400748
-0.00500773128153
-0.00934986342581
-0.0113770009852
-0.00465567503359
-0.00864339430925
-0.00642870441061
-0.016056971428
-0.00879654136466
-0.0106979018227
-0.00380001673962
-0.00549167247539
-0.00374372655449
-0.00522060474695
-0.0105438352581
-0.0145622365711
-0.00401708855322
-0.0168836355377
-0.0120178465846
-0.00193985936964
-0.011158220813
-0.00551286003682
-0.00838684459852
-0.00396614946091
-0.0123133956883
-0.0077397138786
-0.00824477453246
-0.00952809715945
-0.0127727236304
-0.0135627890302
-0.0181743447865
-0.0195375522769
-0.0112500233722
-0.0197364130193
-0.0274351653521
-0.0120742433465
-0.00427135903174
-0.0100591266618
-0.00969829783059
-0.00531919820054
-0.00562232785537
-0.0101160515274
-0.00541106085066
-0.00973058116723
-0.0113855111813
-0.00780343539538
-0.028469216678
-0.010445501
-0.0193159442553
-0.0208765767227
-0.0104671503161
-0.0251602156492
-0.00868112246422
-0.0327309600025
-0.0100791942261
-0.0295308997475
-0.0272704078463
-0.021906915581
-0.037421759501
-0.0137600593405
-0.0451006634588
-0.0182096015187
-0.0403991574469
-0.0394079227692
-0.0260599578349
-0.0413307172425
-0.0261457330472
-0.0401014086233
-0.0311948925167
-0.0348706895232
-0.0300046920567
-0.028176598773
-0.0335415612126
-0.0243832792138
-0.0367389392008
-0.0110604107358
-0.0343969966202
-0.0192670386636
-0.0301480951207
-0.0353054862648
-0.00847172063361
-0.0475127001754
-0.030487256056
-0.0352667019004
-0.0573777602839
-0.0070629175002
-0.075476109062
-0.0284943489949
-0.0763523752208
-0.0761791118274
-0.048629550187
-0.10839673148
-0.014883072708
-0.118596426436
-0.0429890718681
-0.10970488275
-0.0847732737028
-0.0851886221343
-0.117642278765
-0.0390272325911
-0.135373518648
-0.00714488294631
-0.00419115640306
-0.000429166007981
-0.000276400977585
0.000295476550525
0.000691315056965
0.00134667442936
0.00069094889834
0.00233253347351
0.000344219629224
0.00287190660767
0.00144876948334
0.00251681118564
0.00276736317703
0.00112324968233
0.0032130689879
0.000322782806707
0.00280088386937
0.00183085928154
0.00167688649658
0.00275959156712
0.000518053297974
0.00226708200138
0.00202804209363
0.0013548535027
0.00252354490071
0.000845086462293
0.00291867784734
0.00201107314838
0.00286808149734
0.00249465009073
0.00274727978383
0.00329823803037
0.00304480560536
0.00403520776667
0.00270981032133
0.00440826890669
0.00285806942609
0.00444071758011
0.00467409141386
0.00216163331603
0.0054895655068
0.00171624691978
0.00478004734239
0.00286413880345
0.00364734568604
0.00403843064258
0.00140864141429
0.00467271509289
0.00126540107408
0.0037430216212
0.00158859638899
0.00323109788722
0.00304752847145
0.00167935954799
0.00466251292919
0.00130140850391
0.00193295643827
0.00168117735425
0.000951109758012
0.00180844574379
0.00102196000207
0.000982807145451
0.00182098782379
0.00191888907433
0.000827610372148
0.00237566694642
0.00548021652068
0.00400151668983
0.00231462575954
0.0040782694871
0.00384815946773
0.00291235629497
0.00278096373107
0.0021030604072
0.00184449638235
0.00175468527048
0.00282846868
0.000922927801232
0.00197674282301
0.00131586431215
0.00269676480712
0.000474641226654
0.0029764850586
0.00423215132731
0.00101897292201
0.00373744366692
0.00273767098875
0.00137113944521
0.00099445816958
0.00147520818122
0.00103215853054
0.00293777706574
0.00244196694596
0.00450555667884
0.00182312202568
0.00247705457826
0.0013481723086
0.00332855347208
0.00276345542893
0.00149507522898
0.00261048531355
0.00277204296432
0.0031239033204
0.00386645643457
0.00180650978035
0.000792354923513
0.000337722108786
0.00382016102737
0.00433534132463
0.00195600740549
0.0018772267485
0.00332704166556
0.00397466626952
0.000654000578099
0.0039941887064
0.00174356450101
0.00158049507727
0.00451845010957
0.0026118212958
0.00188316178165
0.00135851392812
0.00304497274289
0.00444829115449
0.00187583135138
0.00303000285046
0.00293699165742
0.00493235464537
0.00200206918473
0.00533140983025
0.00623379042724
0.00470448904122
0.00113771470462
0.00381764468347
0.00311308098087
0.00278912669698
0.00195963623458
0.00302529568257
0.000990826402436
0.00589124629899
0.00335087203664
0.00443525734295
0.00456466360618
0.00218501026545
0.00359994567964
0.00408310023093
0.00385176780586
0.00102602513881
0.00147047569213
0.00172934387539
0.0045868308195
0.00396927100937
0.00609883837871
0.00263489762524
0.00104777200686
0.00388299705101
0.00581554304538
0.00267751550609
0.00298604121257
0.000874664339228
0.00293502671214
0.00243389019095
0.00522128201759
0.00409252627444
0.000511393962339
0.00264605108946
0.00349531982416
0.00307795794237
0.00282745908719
0.00237614243177
0.00463661091791
0.00501312246544
0.00497097518519
0.00258248425921
0.00337644873307
0.0016149474035
0.00259803280754
0.00412602510946
0.00303398632348
0.00302904898995
0.00309316813515
0.0029081653272
0.00183165581808
0.00658535547949
0.00401977655563
0.00239889752071
0.00301210061091
0.00432338543619
0.00270925455846
0.00141737916383
0.00599150731781
0.00908537553418
0.00397818832802
0.00190567637482
0.00156351990538
0.00266702487613
0.0062877419596
0.00153586620563
0.000997005241434
0.00273405136071
0.00195486070256
0.00354085604586
0.00581972813988
0.00559872080427
0.00591131512069
0.00715129092025
0.00833018594751
0.00270002022463
0.00134899417322
0.00245572222061
0.00672176758183
0.00351981128811
0.00403200509017
0.00606757913909
0.00861831917812
0.00280757817595
0.00280438387141
0.00361044092232
0.00303634765336
0.00337463150767
0.00878746370079
0.00173812198923
0.00794354613066
0.00741391782027
0.00393157574421
0.00396012158658
0.0015459211577
0.00539473423032
0.00509176925119
0.00421985423553
0.00762597176606
0.00112032878751
0.00305328392974
0.00718283020485
0.0120738461527
0.0136748120395
0.00350875891702
0.0043907327113
0.0012417705107
0.00814053229549
0.00852441161092
0.00134786852726
0.00677268599377
0.000909499945188
0.012620123234
0.00960607532871
0.00666302507038
0.00977393289996
0.00678854415003
0.00590838997094
0.004276434853
0.00656745416363
0.00539437503158
0.00165887379878
0.00454246411383
0.00286367172784
0.0019569029813
0.00674123877196
0.0087977350513
0.00907201762459
0.00877491517994
0.0125865172815
0.0115946466565
0.00401785179864
0.00285049234055
0.00399947146076
0.00798161387004
0.00922116203575
0.0072259204832
0.00316659318333
0.00780642407085
0.00162375297862
0.00205569684661
0.0109072960996
0.00186852144415
0.00422610635587
0.00963594160958
0.015076850876
0.00533477023946
0.00906588721891
0.00616957884361
0.00326776073913
0.00224192796247
0.00208542160911
0.00745733682387
0.00267798724482
0.00606651277436
0.013618942397
0.00750123992874
0.00644821651539
0.0107175760302
0.00511231196004
0.0101853172769
0.0140739444179
0.0108451978517
0.0118977204487
0.0116209562398
0.0166655340019
0.0188224583516
0.00385512574939
0.0112312177922
0.0162686172305
0.00339528368674
0.00828902873545
0.00901175756202
0.00967353555439
0.00334170715523
0.00700123584587
0.0174504266679
0.00464028961874
0.0142450820329
0.0153524147685
0.00758747431758
0.00175489257802
0.00372651960363
0.029250787056
0.0169881222174
0.0117439522073
0.0148084901441
0.0133711964522
0.00642580016906
0.00703392027974
0.00719975429887
0.0174738624147
0.0062359081484
0.00118606224156
0.0123702561422
0.0114584348392
0.0212049897278
0.0179623179918
0.00778388602224
0.0233379820619
0.0269976515867
0.00931375462594
0.0206427427857
0.0303954115327
0.0168694093613
0.0180572163051
0.0142303804882
0.0222603394201
0.0081549414307
0.0117752804532
0.0215140321988
0.0208970996182
0.0343076853377
0.0291377439071
0.0174568338777
0.0339594834622
0.0294657429451
0.0240119167837
0.0195926832399
0.029147736218
0.00851608686639
0.0217195039537
0.0132637206659
0.00955221135212
0.0184380365519
0.0303567316167
0.0207396416681
0.0200006776297
0.0206497369359
0.0361588252741
0.0347162566108
0.0367688164505
0.049913824518
0.06457055634
0.0484034590813
0.0721531581908
0.0671397005855
0.0649385451975
0.0693365007592
0.0760062383885
0.0743862605894
0.0890089495091
0.0942933467347
0.0841428333272
0.089751761035
0.0850183408734
0.0741907858944
0.091459394499
0.0767804732665
0.0829933754901
0.0560125766999
0.0424335226261
0.0420709790967
0.0317681563118
0.0281368869865
0.0196067350159
0.0294767335212
0.057396823412
0.0753340233225
0.0716181198645
0.0828212185134
0.0996982728621
0.104743058522
0.107667142386
0.101097321316
0.097413935857
0.108006231433
0.0836406868509
0.0817110322106
0.0708807074775
0.0571583921039
0.0569900239238
0.0729505535092
0.0682247455047
0.0784162784507
0.101755835364
0.0799797937453
0.104486781488
0.0906513583466
0.0817725805585
0.0616761910528
0.0663771330357
0.0559284461145
0.0483864768182
0.0610156619588
0.0590842353623
0.0636739165658
0.0794155277602
0.0504344141432
0.0520881117607
0.0330830377229
0.0413704002769
0.0591777823003
0.0441201533866
0.0464492711135
0.053224408765
0.0515557525684
0.0467147418837
0.0567398237085
0.0630934021993
0.0424251583094
0.0260196571381
0.0158844583926
0.0130807947995
0.034678706415
0.0214211503986
0.0452739271437
0.0355984110255
0.0251174786019
0.0165332110063
0.0177112705599
0.0405452879544
0.0373146253469
0.052804440593
0.0153517787502
0.0232383441027
0.0189095627377
0.0303241252876
0.032751322936
0.0307594976202
0.0378286420476
0.0371665467357
0.0176227405644
0.0441405629692
0.04862664689
0.0221145842716
0.0482493992423
0.0396121532283
0.0325041070672
0.0598986791599
0.0405782173578
0.0515929306223
0.0376901932623
0.0449801014369
0.0417349631964
0.0694384281044
0.0649094295389
0.0555826941238
0.0540257571848
0.0101699030278
0.0865003639824
0.0724515899311
0.0301750903728
0.0599093348304
0.0481817117663
0.0310273234889
0.0502320390376
0.0290332585717
0.0431615325099
0.0243058592709
0.0266720846176
0.0670152814337
0.0342362726165
0.0354547556645
0.0287469270835
0.0332759427809
0.0364930504856
0.0522283217721
0.0759767367266
0.0536844040257
0.0202492159785
0.0433784493536
0.0158854574003
0.0266638211438
0.0147439790396
0.0335106004997
0.0598124277284
0.0160235959853
0.0511738917499
0.0163089746247
0.0155194120727
0.0203413172161
0.0174979275709
0.0300323395369
0.0175041372919
0.0297771022849
0.00835645433252
0.0167581697459
0.0138020107647
0.0212875376706
0.0212875376706
0.0138020107647
0.0167581697459
0.00835645433252
0.0297771022849
0.0175041372918
0.0300323395369
0.0174979275709
0.0203413172161
0.0155194120727
0.0163089746247
0.0511738917498
0.0160235959852
0.0598124277284
0.0335106004997
0.0147439790395
0.0266638211438
0.0158854574003
0.0433784493537
0.0202492159785
0.0536844040257
0.0759767367266
0.0522283217721
0.0364930504856
0.0332759427809
0.0287469270835
0.0354547556645
0.0342362726165
0.0670152814337
0.0266720846176
0.0243058592709
0.0431615325099
0.0290332585717
0.0502320390376
0.0310273234889
0.0481817117663
0.0599093348304
0.0301750903729
0.0724515899312
0.0865003639824
0.0101699030278
0.0540257571848
0.0555826941238
0.0649094295389
0.0694384281044
0.0417349631964
0.0449801014369
0.0376901932623
0.0515929306224
0.0405782173578
0.0598986791599
0.0325041070672
0.0396121532283
0.0482493992423
0.0221145842716
0.04862664689
0.0441405629692
0.0176227405644
0.0371665467357
0.0378286420476
0.0307594976202
0.032751322936
0.0303241252876
0.0189095627377
0.0232383441027
0.0153517787502
0.052804440593
0.0373146253469
0.0405452879544
0.0177112705599
0.0165332110063
0.0251174786019
0.0355984110254
0.0452739271437
0.0214211503986
0.034678706415
0.0130807947995
0.0158844583926
0.0260196571381
0.0424251583094
0.0630934021993
0.0567398237085
0.0467147418837
0.0515557525684
0.053224408765
0.0464492711135
0.0441201533866
0.0591777823003
0.0413704002769
0.0330830377229
0.0520881117607
0.0504344141432
0.0794155277602
0.0636739165658
0.0590842353623
0.0610156619588
0.0483864768182
0.0559284461145
0.0663771330357
0.0616761910528
0.0817725805585
0.0906513583466
0.104486781488
0.0799797937453
0.101755835364
0.0784162784507
0.0682247455047
0.0729505535092
0.0569900239238
0.0571583921039
0.0708807074775
0.0817110322106
0.0836406868509
0.108006231433
0.097413935857
0.101097321316
0.107667142386
0.104743058522
0.0996982728621
0.0828212185134
0.0716181198645
0.0753340233225
0.057396823412
0.0294767335212
0.0196067350159
0.0281368869865
0.0317681563118
0.0420709790967
0.0424335226261
0.0560125766999
0.0829933754901
0.0767804732665
0.091459394499
0.0741907858944
0.0850183408734
0.089751761035
0.0841428333272
0.0942933467347
0.0890089495091
0.0743862605894
0.0760062383885
0.0693365007592
0.0649385451975
0.0671397005855
0.0721531581908
0.0484034590813
0.06457055634
0.049913824518
0.0367688164505
0.0347162566108
0.0361588252741
0.0206497369359
0.0200006776297
0.0207396416681
0.0303567316167
0.0184380365519
0.00955221135212
0.0132637206659
0.0217195039537
0.00851608686639
0.029147736218
0.0195926832399
0.0240119167837
0.0294657429451
0.0339594834622
0.0174568338777
0.0291377439071
0.0343076853377
0.0208970996182
0.0215140321988
0.0117752804532
0.0081549414307
0.0222603394201
0.0142303804882
0.0180572163051
0.0168694093613
0.0303954115327
0.0206427427857
0.00931375462594
0.0269976515867
0.0233379820619
0.00778388602224
0.0179623179918
0.0212049897278
0.0114584348392
0.0123702561422
0.00118606224156
0.0062359081484
0.0174738624147
0.00719975429887
0.00703392027974
0.00642580016906
0.0133711964522
0.0148084901441
0.0117439522073
0.0169881222174
0.029250787056
0.00372651960362
0.00175489257802
0.00758747431758
0.0153524147685
0.0142450820329
0.00464028961874
0.0174504266679
0.00700123584587
0.00334170715523
0.00967353555439
0.00901175756202
0.00828902873545
0.00339528368674
0.0162686172305
0.0112312177922
0.0038551257494
0.0188224583516
0.0166655340019
0.0116209562398
0.0118977204487
0.0108451978517
0.0140739444179
0.0101853172769
0.00511231196004
0.0107175760302
0.00644821651539
0.00750123992874
0.013618942397
0.00606651277436
0.00267798724482
0.00745733682387
0.00208542160911
0.00224192796247
0.00326776073913
0.00616957884361
0.00906588721891
0.00533477023946
0.015076850876
0.00963594160958
0.00422610635587
0.00186852144415
0.0109072960996
0.00205569684661
0.00162375297862
0.00780642407086
0.00316659318333
0.0072259204832
0.00922116203576
0.00798161387003
0.00399947146075
0.00285049234055
0.00401785179863
0.0115946466565
0.0125865172815
0.00877491517994
0.00907201762459
0.0087977350513
0.00674123877197
0.0019569029813
0.00286367172784
0.00454246411383
0.00165887379878
0.00539437503158
0.00656745416363
0.004276434853
0.00590838997094
0.00678854415003
0.00977393289996
0.00666302507038
0.00960607532871
0.012620123234
0.000909499945188
0.00677268599377
0.00134786852726
0.00852441161093
0.00814053229549
0.0012417705107
0.0043907327113
0.00350875891702
0.0136748120395
0.0120738461527
0.00718283020485
0.00305328392975
0.00112032878751
0.00762597176606
0.00421985423553
0.00509176925119
0.00539473423032
0.0015459211577
0.00396012158658
0.00393157574421
0.00741391782027
0.00794354613066
0.00173812198923
0.00878746370079
0.00337463150767
0.00303634765336
0.00361044092232
0.00280438387141
0.00280757817596
0.00861831917812
0.00606757913909
0.00403200509017
0.00351981128811
0.00672176758183
0.00245572222061
0.00134899417322
0.00270002022463
0.00833018594751
0.00715129092025
0.00591131512069
0.00559872080427
0.00581972813988
0.00354085604587
0.00195486070256
0.00273405136072
0.000997005241434
0.00153586620562
0.0062877419596
0.00266702487613
0.00156351990538
0.00190567637482
0.00397818832802
0.00908537553418
0.00599150731781
0.00141737916383
0.00270925455846
0.0043233854362
0.00301210061091
0.00239889752071
0.00401977655563
0.00658535547949
0.00183165581808
0.0029081653272
0.00309316813515
0.00302904898995
0.00303398632348
0.00412602510946
0.00259803280754
0.0016149474035
0.00337644873307
0.00258248425921
0.00497097518519
0.00501312246544
0.00463661091791
0.00237614243177
0.00282745908719
0.00307795794237
0.00349531982417
0.00264605108946
0.000511393962335
0.00409252627444
0.00522128201759
0.00243389019095
0.00293502671214
0.000874664339227
0.00298604121257
0.00267751550609
0.00581554304538
0.00388299705101
0.00104777200686
0.00263489762524
0.00609883837871
0.00396927100937
0.0045868308195
0.00172934387539
0.00147047569213
0.00102602513881
0.00385176780586
0.00408310023093
0.00359994567964
0.00218501026545
0.00456466360618
0.00443525734295
0.00335087203664
0.00589124629899
0.000990826402437
0.00302529568257
0.00195963623458
0.00278912669698
0.00311308098087
0.00381764468346
0.00113771470462
0.00470448904122
0.00623379042724
0.00533140983025
0.00200206918473
0.00493235464537
0.00293699165742
0.00303000285046
0.00187583135138
0.00444829115449
0.00304497274289
0.00135851392812
0.00188316178165
0.0026118212958
0.00451845010957
0.00158049507727
0.00174356450101
0.0039941887064
0.000654000578099
0.00397466626952
0.00332704166556
0.0018772267485
0.0019560074055
0.00433534132463
0.00382016102737
0.000337722108785
0.000792354923513
0.00180650978035
0.00386645643457
0.0031239033204
0.00277204296433
0.00261048531355
0.00149507522898
0.00276345542893
0.00332855347207
0.00134817230861
0.00247705457826
0.00182312202568
0.00450555667884
0.00244196694596
0.00293777706574
0.00103215853054
0.00147520818122
0.00099445816958
0.00137113944521
0.00273767098875
0.00373744366692
0.00101897292201
0.00423215132731
0.0029764850586
0.000474641226654
0.00269676480712
0.00131586431215
0.00197674282301
0.000922927801232
0.00282846868
0.00175468527048
0.00184449638235
0.0021030604072
0.00278096373107
0.00291235629497
0.00384815946773
0.0040782694871
0.00231462575954
0.00400151668983
0.00548021652068
0.00237566694642
0.000827610372149
0.00191888907433
0.00182098782379
0.000982807145451
0.00102196000207
0.00180844574379
0.000951109758012
0.00168117735425
0.00193295643827
0.00130140850391
0.0046625129292
0.00167935954799
0.00304752847145
0.00323109788722
0.00158859638899
0.0037430216212
0.00126540107408
0.00467271509289
0.00140864141429
0.00403843064258
0.00364734568604
0.00286413880345
0.00478004734239
0.00171624691978
0.0054895655068
0.00216163331603
0.00467409141386
0.00444071758011
0.0028580694261
0.00440826890669
0.00270981032133
0.00403520776667
0.00304480560536
0.00329823803037
0.00274727978383
0.00249465009073
0.00286808149734
0.00201107314838
0.00291867784734
0.000845086462294
0.00252354490071
0.0013548535027
0.00202804209363
0.00226708200138
0.000518053297974
0.00275959156712
0.00167688649658
0.00183085928154
0.00280088386937
0.000322782806707
0.0032130689879
0.00112324968233
0.00276736317704
0.00251681118565
0.00144876948334
0.00287190660767
0.000344219629224
0.00233253347352
0.000690948898341
0.00134667442936
0.000691315056968
0.000295476550528
-0.000276400977581
-0.00042916600798
-0.00419115640306
