97.0
93.4
93.4
95.2
95.2
91.4
88.8
95.2
95.0
95.0
99.8
101.4
96.2
99.2
100.0
99.2
98.4
98.0
101.6
102.4
96.0
103.4
102.0
103.0
101.6
105.6
100.6
103.4
103.8
101.6
109.2
103.0
103.6
107.2
109.4
108.4
104.8
107.6
103.6
108.0
103.8
106.6
108.0
111.4
108.8
110.4
112.0
115.4
115.6
112.2
112.2
114.6
115.0
116.6
116.6
115.8
117.8
122.2
121.0
119.6
117.4
119.2
119.2
123.8
123.6
122.6
128.4
120.0
123.2
122.2
123.2
122.4
120.6
125.6
125.8
127.4
126.2
126.0
127.4
124.2
124.6
123.6
119.8
120.8
118.2
123.0
121.2
122.4
127.4
127.6
134.6
131.0
131.0
131.4
131.8
133.2
134.8
142.0
138.4
137.6
140.2
135.0
138.0
142.2
140.6
140.4
141.0
146.8
149.8
143.2
151.6
150.2
142.2
148.6
146.2
147.6
145.6
145.0
153.0
148.8
155.6
154.8
160.6
153.0
155.0
155.2
148.8
155.6
150.4
157.2
154.8
153.4
155.4
151.8
165.6
166.2
168.6
165.0
158.6
159.6
162.0
162.0
162.8
177.6
177.8
180.8
177.6
174.8
174.0
172.0
172.4
171.2
180.2
183.4
194.0
202.0
195.2
203.6
187.8
185.4
175.2
181.8
185.0
186.4
211.8
211.6
237.0
224.2
248.0
221.8
231.2
209.6
189.8
169.4
149.8
140.2
122.2
124.2
131.8
147.4
173.2
194.0
252.2
268.8
343.0
360.2
445.8
444.8
528.8
547.0
600.4
628.8
663.6
710.2
689.8
752.6
728.2
777.6
727.0
814.6
769.2
833.8
835.4
905.0
933.8
1003.2
1114.6
1196.0
1333.6
1448.0
1594.8
1633.8
1726.0
1826.8
1921.2
1997.4
2096.6
2150.2
2226.6
2279.0
2298.6
2322.0
2321.8
2358.8
2363.0
2374.8
2386.8
2377.8
2366.0
2355.6
2341.2
2320.2
2304.2
2286.4
2260.4
2247.2
2241.2
2227.8
2217.0
2210.6
2219.6
2235.6
2239.8
2248.0
2262.4
2278.8
2273.6
2282.8
2278.2
2274.8
2267.6
2270.0
2256.6
2246.8
2242.4
2238.8
2238.8
2247.2
2244.0
2242.4
2248.2
2251.8
2265.8
2243.8
2256.2
2260.6
2256.4
2241.6
2251.4
2241.8
2229.2
2231.2
2235.0
2250.4
2248.4
2240.8
2236.0
2241.8
2234.2
2229.4
2229.2
2224.8
2235.4
2240.6
2224.4
2228.0
2217.6
2225.2
2231.4
2252.8
2236.2
2250.8
2253.8
2245.0
2244.0
2252.4
2268.8
2248.6
2204.8
2201.4
2213.2
2231.4
2242.6
2281.4
2285.2
2272.2
2259.6
2259.0
2253.6
2239.8
2250.0
2245.6
2237.0
2243.2
2234.6
2237.8
2255.4
2250.8
2257.2
2253.2
2266.4
2256.0
2258.2
2258.6
2254.0
2250.4
2246.4
2238.4
2240.6
2240.8
2244.0
2240.2
2256.6
2252.6
2239.4
2255.8
2247.4
2253.8
2238.6
2254.4
2237.6
2240.0
2225.2
2228.0
2234.0
2231.2
2228.0
2242.6
2240.0
2247.0
2240.8
2237.6
2249.8
2248.0
2242.2
2246.2
2235.0
2239.6
2243.6
2243.2
2239.6
2241.4
2240.8
2249.6
2251.2
2249.6
2248.8
2243.6
2257.0
2249.8
2255.0
2259.4
2257.8
2253.4
2268.8
2269.0
2261.8
2251.8
2263.8
2263.0
2254.6
2269.4
2263.4
2274.2
2282.2
2278.4
2272.8
2286.4
2275.6
2277.6
2270.0
2278.0
2281.0
2288.6
2279.0
2271.4
2292.4
2285.2
2293.0
2286.0
2289.2
2282.2
2305.0
2304.6
2294.4
2293.0
2290.2
2293.6
2290.2
2276.8
2297.0
2304.0
2284.8
2302.0
2312.6
2291.6
2291.8
2301.0
2297.4
2296.8
2296.0
2287.0
2289.0
2302.0
2279.0
2281.4
2282.0
2291.6
2300.6
2291.4
2301.2
2298.6
2308.8
2315.8
2319.6
2318.4
2309.2
2320.8
2306.4
2316.2
2305.4
2309.6
2310.0
2335.0
2349.0
2340.4
2365.6
2327.4
2362.4
2342.8
2335.8
2347.0
2327.8
2358.2
2342.0
2346.6
2321.6
2337.0
2351.4
2338.6
2369.4
2350.4
2384.0
2361.0
2364.4
2378.8
2361.4
2386.2
2359.2
2378.2
2377.4
2369.0
2396.4
2375.2
2394.2
2376.6
2397.8
2389.2
2379.8
2410.4
2372.0
2397.8
2373.2
2397.4
2405.8
2407.8
2428.6
2424.0
2451.8
2446.0
2397.0
2464.4
2448.0
2460.8
2419.6
2375.8
2369.6
2330.6
2381.6
2380.0
2409.2
2428.0
2416.8
2463.8
2419.4
2439.2
2434.8
2419.8
2449.2
2407.0
2431.6
2417.0
2417.6
2454.0
2401.8
2444.6
2432.0
2442.4
2460.2
2434.6
2468.0
2437.0
2456.8
2464.4
2428.6
2486.4
2437.6
2452.0
2455.0
2429.0
2488.6
2457.4
2496.8
2485.4
2468.0
2513.6
2464.8
2493.0
2483.2
2442.6
2484.6
2436.8
2452.4
2467.6
2427.6
2479.8
2456.0
2487.0
2498.6
2465.4
2532.8
2441.0
2477.2
2489.2
2444.8
2486.0
2428.8
2432.6
2470.6
2432.0
2495.4
2465.4
2481.8
2545.8
2465.2
2543.2
2495.4
2483.6
2528.4
2460.8
2510.4
2489.0
2473.4
2520.8
2464.4
2501.8
2504.2
2471.4
2521.6
2479.4
2501.4
2512.2
2453.0
2519.4
2488.8
2475.8
2513.6
2454.8
2499.8
2512.6
2467.8
2556.6
2503.4
2535.6
2552.2
2505.2
2566.6
2531.0
2527.0
2558.6
2499.6
2516.6
2534.2
2469.6
2514.6
2481.0
2482.2
2506.6
2507.2
2542.4
2576.4
2560.8
2661.2
2624.0
2671.2
2729.2
2687.0
2751.0
2772.4
2742.6
2799.2
2785.2
2774.6
2792.8
2732.0
2752.4
2719.8
2651.8
2683.4
2613.2
2607.8
2624.6
2604.4
2638.0
2646.0
2605.2
2600.0
2601.6
2537.4
2487.8
2427.2
2363.8
2344.4
2261.0
2161.4
2124.6
1998.6
1917.4
1865.6
1726.6
1705.2
1614.6
1476.4
1481.8
1352.2
1306.4
1300.0
1153.0
1158.2
1111.0
995.0
1020.6
921.2
865.4
873.2
760.8
739.8
743.4
624.6
649.8
595.2
527.4
557.6
471.8
438.0
468.8
378.0
366.0
378.2
302.2
310.8
291.6
230.6
253.6
210.4
185.2
197.8
159.2
145.0
152.6
118.0
124.2
123.0
100.4
111.4
102.8
96.4
108.2
96.6
101.2
112.4
103.6
109.4
120.4
109.4
119.6
135.4
120.8
143.2
147.8
131.4
154.2
149.8
136.0
162.2
141.4
136.8
158.2
134.4
128.2
142.4
119.6
122.2
133.0
108.8
119.4
121.4
103.2
114.0
116.4
100.0
115.0
114.6
100.4
113.6
111.0
99.2
122.0
112.6
107.2
126.2
119.2
109.4
128.2
109.2
110.8
125.4
107.8
104.0
114.2
100.8
102.0
104.2
93.2
98.8
107.2
91.2
100.2
107.2
90.6
104.0
106.6
93.8
104.6
112.0
92.8
103.2
105.8
90.6
103.8
102.2
85.8
95.0
96.6
84.4
95.2
97.4
88.4
98.0
97.4
86.6
97.0
98.2
82.6
93.0
97.8
79.8
94.2
89.8
81.8
91.0
89.2
74.8
87.6
93.8
76.6
85.2
94.0
77.2
90.2
91.2
74.4
89.4
92.2
74.2
87.0
89.4
77.0
80.0
90.8
76.8
81.6
88.2
73.6
81.0
88.2
76.8
81.8
82.2
76.4
76.2
87.6
76.6
76.0
84.8
76.2
72.8
80.0
75.2
74.2
76.4
73.4
72.6
78.6
76.4
73.2
79.0
75.6
68.6
79.2
75.0
71.8
74.6
76.8
64.2
72.6
78.4
66.4
72.0
73.2
66.6
66.6
72.4
71.6
66.4
76.2
72.6
66.0
71.6
71.8
62.4
65.2
70.2
61.8
66.6
67.4
61.0
62.6
69.4
62.8
62.0
63.4
62.0
58.6
59.4
66.0
57.6
63.8
65.2
59.8
63.0
62.0
56.6
57.8
65.6
58.2
53.2
62.8
60.0
55.4
62.0
59.8
57.2
59.6
61.6
54.2
57.2
62.6
56.0
55.6
54.4
55.2
52.0
57.2
56.0
53.0
55.4
56.6
53.6
52.2
53.6
53.0
49.4
54.0
54.0
51.2
52.6
55.2
49.0
51.8
51.6
50.4
46.8
53.4
48.8
48.0
49.0
52.4
51.6
47.6
54.8
48.6
46.2
48.0
48.0
49.2
50.4
46.8
44.0
48.2
50.0
45.4
43.6
48.4
44.6
47.0
44.4
42.8
45.2
45.6
45.8
44.2
44.8
43.6
42.0
45.0
44.8
44.2
42.2
43.8
43.2
42.4
42.8
43.4
42.8
38.6
40.0
41.0
39.8
39.6
41.2
42.4
40.6
39.4
39.8
36.8
40.8
39.4
41.8
39.2
41.0
41.4
37.6
38.6
38.4
39.8
40.0
36.0
39.0
40.8
40.0
37.2
38.6
39.0
35.0
38.6
36.2
38.6
41.6
36.4
36.2
35.8
34.6
37.0
32.4
39.6
37.4
37.4
34.2
37.2
37.0
36.2
35.0
34.2
36.2
32.0
36.0
33.6
36.2
37.0
35.2
36.4
34.6
