-2.16705070217e-15
-2.7958339712e-15
-3.12445789556e-15
-2.15077320957e-15
-4.5376511041e-15
-1.11241028799e-15
-3.98361387162e-15
-1.1330570204e-15
-4.01821452771e-15
-1.77790294487e-15
-3.81703924637e-15
-2.89009899533e-15
-3.53726913591e-15
-3.78026024691e-15
-2.79636919996e-15
-1.68583559985e-15
-2.41846720627e-15
-3.02544430167e-15
-1.54256287149e-15
-3.20767170454e-15
-8.68716115466e-16
-1.91690611062e-15
-6.26886541678e-16
-2.31369093687e-15
-1.43072659968e-15
-2.39268368359e-15
-2.10870433618e-15
-1.24610460793e-15
-1.6059484168e-15
-1.12362106574e-15
-1.52044958645e-15
-1.31689364404e-15
-1.49611949432e-15
-7.52674960587e-16
-1.53308888017e-15
-6.38019130762e-16
-1.49796949811e-15
-1.64193648655e-15
-1.08558188076e-15
-2.49745811055e-15
-6.2474206745e-16
-3.41762998281e-15
-2.14507326687e-15
-3.49424370299e-15
-4.07315987433e-15
-3.37763068087e-15
-6.25998487201e-15
-2.46146451428e-15
-7.14573553667e-15
-7.01685266608e-16
-5.30700328e-15
-2.45603106084e-15
-5.07513521693e-15
-3.23520284756e-15
-2.59753366747e-15
-2.38574167494e-15
-1.54201537227e-15
-2.70776383932e-15
-4.92924925945e-16
-2.51625369267e-15
-1.66118778095e-16
-2.15609641754e-15
-7.40102560197e-16
-1.08008651559e-15
-3.92200906224e-16
-7.09182715053e-16
-7.28100936452e-16
-1.01569263651e-15
-1.07182100589e-15
-1.46993636033e-15
-7.68220988387e-16
-6.0681905563e-16
-1.04755912714e-15
-2.78822526329e-16
-1.78394029514e-15
-1.33070672148e-15
-3.13049839323e-15
-4.43092526564e-15
-2.43673300098e-15
-6.79815353007e-15
-1.52856142833e-15
-7.64657191098e-15
-8.80254757189e-16
-7.76092039392e-15
-2.98845065056e-15
-6.02429243279e-15
-3.21965724855e-15
-3.94279703087e-15
-3.73190596501e-15
-1.22829614756e-15
-3.32103572301e-15
-1.16741274071e-15
-1.87610584895e-15
-4.92416552502e-16
-1.3198047244e-15
-7.05852409256e-16
-4.55146530307e-16
-9.34811582516e-16
-4.11341312682e-16
-1.05648649842e-15
-1.54300445417e-15
-1.50305523416e-15
-2.14915931281e-15
-2.38943129554e-15
-1.48925407469e-15
-1.89245170673e-15
-7.22422114649e-16
-1.04225958899e-15
-7.68206260541e-16
-2.11233707855e-15
-3.20313298222e-15
-2.76616250336e-15
-6.67867977532e-15
-1.30275155863e-15
-8.68675992413e-15
-9.31560080665e-16
-7.99306631856e-15
-1.85144133243e-15
-5.92700272307e-15
-2.05466052177e-15
-3.51257803233e-15
-1.66856381922e-15
-1.32866798312e-15
-1.76721768081e-15
-6.82374449775e-16
-1.94243890445e-15
-1.65208122365e-15
-1.29404500475e-15
-1.77054557628e-15
-1.45105282619e-15
-1.75387648493e-15
-1.34729570695e-15
-2.01414909957e-15
-2.16184827108e-15
-2.59912930319e-15
-3.57760707425e-15
-3.44643420233e-15
-3.19372902849e-15
-3.78773329906e-15
-2.59384107893e-15
-3.35371275394e-15
-3.11730311618e-15
-3.25016969921e-15
-5.04178775402e-15
-3.07143149813e-15
-7.93672191814e-15
-1.74136701505e-15
-1.07767335412e-14
-1.61224394976e-15
-1.02874908571e-14
-3.23779184949e-15
-6.83330781213e-15
-3.85522612478e-15
-3.29587215753e-15
-2.77039762271e-15
-1.49130888462e-15
-2.7998616991e-15
-1.20241864152e-15
-3.05278483081e-15
-1.51103049624e-15
-2.07632904318e-15
-1.73881038341e-15
-7.87465002546e-16
-9.56299778546e-16
-5.54829675286e-16
-5.45813557927e-16
-1.67847838195e-16
-9.44397199081e-16
-3.15455803212e-16
-1.7601140645e-16
-6.85891501264e-17
-1.11294795133e-15
-7.43047111387e-16
-1.30278616419e-15
-9.35293133644e-16
-1.5108943308e-15
-2.40523825257e-15
-1.85392484246e-15
-5.13505012602e-15
-1.13818026643e-15
-8.97891582359e-15
-2.61492646137e-16
-8.86290692836e-15
-1.97577067943e-15
-5.0348245473e-15
-2.57562289771e-15
-1.9763749604e-15
-1.53458637486e-15
-3.82969759924e-16
-1.14241718652e-15
-7.21959702871e-16
-1.04210803169e-15
-5.3788203231e-16
-6.47736889584e-16
-1.22181426005e-15
-3.38634560153e-16
-6.22468631884e-16
-6.27244018253e-16
-5.5693587231e-16
-3.61802788509e-16
-1.0791285643e-15
-5.02120543748e-16
-2.29807465473e-16
-8.91376704621e-16
-8.39428149517e-16
-8.60789667172e-16
-1.09908000795e-15
-4.95541637577e-16
-1.43500894826e-15
-1.75028183994e-15
-1.77370584373e-15
-4.10334797638e-15
-9.84017732044e-16
-7.88453281975e-15
-6.34304391319e-16
-7.68157970044e-15
-1.11617888826e-15
-3.77217710405e-15
-1.73573124082e-15
-1.61819685693e-15
-1.24008091773e-15
-5.56284441953e-16
-7.74221957005e-16
-1.18718146538e-15
-5.17294935424e-16
-4.7587093701e-16
-2.88724240599e-16
-7.45762504811e-16
-6.83602815253e-16
-1.06973093444e-15
-9.78296128705e-16
-5.55856871257e-16
-1.16352285304e-15
-5.78695302696e-17
-4.74209169775e-16
-5.85166565729e-16
-3.70793619779e-16
-1.37160502294e-15
-7.82954486939e-16
-1.44553546355e-15
-4.36251490884e-16
-2.08218707409e-15
-1.47584800443e-15
-2.97723996411e-15
-4.42743277155e-15
-2.21980193102e-15
-9.64552237111e-15
-5.3292097326e-16
-8.51398157535e-15
-1.42301339884e-15
-3.66139589676e-15
-1.74849407818e-15
-1.52889900225e-15
-1.02582478424e-15
-2.26965571833e-16
-1.12091977734e-15
-6.96257756369e-16
-1.09210165836e-15
-4.76850651905e-16
-3.03995790326e-16
-2.70114895884e-16
-5.93293227198e-16
-4.00186935143e-16
-2.19846109781e-16
-3.21823274472e-16
-5.240342713e-16
-6.09314910422e-16
-7.44793095897e-16
-6.10586656777e-16
-5.41779274844e-16
-1.25996536391e-15
-2.24200632195e-16
-1.45933458072e-15
-6.93987728127e-16
-1.40356351332e-15
-1.54534908877e-15
-2.04186543349e-15
-3.66296687651e-15
-1.60813137048e-15
-8.64714326959e-15
-1.82337725823e-16
-7.64346350814e-15
-1.13987823711e-15
-2.95757807928e-15
-1.31863320192e-15
-1.33805206461e-15
-8.97872953833e-16
-8.14802582902e-16
-1.13941531714e-15
-1.61272118196e-16
-1.28490345566e-15
-3.63334059434e-16
-6.78239413904e-16
-5.71356307346e-16
-8.74836429148e-16
-5.83171758619e-16
-8.71705232369e-16
-3.42074177686e-16
-4.59011549619e-16
-1.90820654553e-16
-2.01927321568e-16
-4.23318086601e-16
-1.60348590545e-16
-6.59595670222e-16
-2.68360684409e-16
-8.10644648863e-16
-5.43208370295e-16
-1.53253610004e-15
-1.52710130735e-15
-1.27798273778e-15
-2.98234895041e-15
-1.05517664304e-15
-7.15682972141e-15
-2.65029266007e-16
-6.49651407065e-15
-1.1371418839e-15
-2.49411846055e-15
-1.66878305493e-15
-7.88042961236e-16
-1.02668584368e-15
-7.5603880961e-16
-9.12520817731e-16
-1.84551734066e-16
-9.4710994327e-16
-4.196952214e-16
-7.92802705455e-16
-5.98556036666e-16
-7.11578128416e-16
-6.28981387321e-16
-2.00396492169e-16
-3.35761139147e-16
-2.67052753354e-16
-5.99096999341e-16
-5.3201565525e-16
-2.82756941499e-16
-4.78290298325e-16
-5.33333796776e-16
-1.21373415752e-16
-6.22901652322e-16
-7.7415337562e-16
-6.6498409661e-16
-1.00033373094e-15
-7.48946512169e-16
-1.63025665409e-15
-6.6139056387e-16
-4.86875233356e-15
-2.83408726422e-16
-3.66378972542e-15
-7.86773403799e-16
-9.1551847929e-16
-6.62756751253e-16
-6.21820844704e-16
-7.10914118366e-16
-5.11181688068e-16
-8.52948271472e-16
-1.1807311931e-16
-8.30851818162e-16
-5.74747028023e-16
-3.61812059286e-16
-8.29176541232e-16
-1.51679614755e-16
-1.55889660294e-16
-4.07247864738e-16
-7.25345022529e-16
-1.1481006086e-16
-3.81299462087e-16
-7.84590325565e-17
-3.04026859069e-16
-1.61922522613e-16
-9.83773009141e-16
-1.48249879346e-16
-1.23684320568e-15
-9.52739979937e-16
-6.41084591147e-16
-8.36917591449e-16
-6.32972728984e-16
-1.11605680639e-15
-1.00939383426e-15
-3.94166484489e-15
-2.43070191137e-16
-3.84265244107e-15
-6.68915176105e-16
-1.21272646574e-15
-8.47775556959e-16
-9.20989065375e-16
-1.06627884256e-15
-1.71787876108e-16
-8.53996865704e-16
-1.82761725294e-16
-9.83115486775e-16
-2.77227267252e-16
-5.60523601691e-16
-5.11450534136e-16
-6.86830775012e-16
-5.70921071573e-16
-5.0023814921e-16
-1.0740627752e-15
-2.3670914905e-16
-6.23913388415e-16
-2.82539569913e-16
-1.29816925632e-16
-4.01076125214e-16
-8.19482012918e-16
-6.57185896274e-16
-9.5180268055e-16
-2.98148648245e-16
-1.07472010683e-15
-7.0075148536e-16
-1.1408625546e-15
-1.30436709733e-15
-1.13728747068e-15
-4.17129172801e-15
-5.43325441294e-16
-2.22491372709e-15
-1.57762836181e-16
-8.67423217269e-16
-5.60646208886e-16
-1.13094260505e-15
-8.92317606681e-16
-5.50002781398e-16
-7.87287334224e-16
-2.46066447875e-16
-5.10372363255e-16
-6.13124296335e-16
-4.53177040813e-16
-9.10883099398e-16
-1.73725363221e-16
-6.66783820314e-16
-6.25815037461e-16
-5.92563563507e-16
-4.26666732992e-16
-5.13762928842e-16
-2.8661825982e-16
-4.3070131906e-16
-6.98954364563e-16
-3.4480624668e-16
-5.77837759476e-16
-3.47148763877e-16
-1.04952175746e-15
-6.75664305178e-16
-8.47150367707e-16
-7.89926217021e-16
-5.45394163921e-16
-1.16239594608e-15
-3.92036981362e-15
-8.22724010058e-16
-5.9424813744e-16
-6.47356622562e-16
-7.59548248749e-16
-4.67368493347e-16
-3.44899567294e-16
-5.52053076555e-16
-3.36318515566e-16
-3.74195528675e-16
-8.68453700198e-16
-2.62697361507e-16
-1.91687309428e-15
-5.34946777485e-16
-1.58341914661e-15
-1.6119263596e-15
-8.34761961062e-16
-1.92546749988e-15
-1.17347694347e-15
-2.42897168471e-15
-4.20337860924e-16
-1.8735612664e-15
-1.90028588879e-15
-1.10867217637e-15
-2.85212543321e-15
-7.80420749891e-16
-3.46987886101e-15
-1.33118782521e-15
-2.97110612998e-15
-2.56711191563e-15
-2.20599282189e-15
-3.29957535524e-15
-2.12902820947e-15
-4.35894743272e-15
-2.19858830159e-15
-1.98675432782e-15
-2.12209329287e-15
-1.54009160617e-15
-2.59593315072e-15
-1.51037080819e-15
-2.96436369813e-15
-7.97211653953e-16
-3.21066139589e-15
-1.32526183564e-15
-2.68419251428e-15
-3.32069158582e-15
-7.93509019043e-16
-3.50174296234e-15
-1.73255247066e-15
-2.32024815942e-15
-2.66589753111e-15
-8.33672968912e-16
-5.05234667207e-15
-1.99563687294e-15
-3.32381966181e-15
-4.09791649742e-15
-2.83536961065e-15
-4.74415349551e-15
-6.6455547253e-16
-8.69880495463e-15
-1.48698942601e-15
-5.45188835838e-15
-3.30037375104e-15
-5.27446774796e-15
-4.16027286791e-15
-1.58704436468e-15
-4.78164731833e-15
3.14864666912e-17
4.78164731833e-15
1.58704436468e-15
4.16027286791e-15
5.27446774796e-15
3.30037375104e-15
5.45188835838e-15
1.48698942601e-15
8.69880495463e-15
6.6455547253e-16
4.74415349551e-15
2.83536961065e-15
4.09791649742e-15
3.32381966181e-15
1.99563687294e-15
5.05234667207e-15
8.33672968912e-16
2.66589753111e-15
2.32024815942e-15
1.73255247066e-15
3.50174296234e-15
7.93509019043e-16
3.32069158582e-15
2.68419251428e-15
1.32526183564e-15
3.21066139589e-15
7.97211653953e-16
2.96436369813e-15
1.51037080819e-15
2.59593315072e-15
1.54009160617e-15
2.12209329287e-15
1.98675432782e-15
2.19858830159e-15
4.35894743272e-15
2.12902820947e-15
3.29957535524e-15
2.20599282189e-15
2.56711191563e-15
2.97110612998e-15
1.33118782521e-15
3.46987886101e-15
7.80420749891e-16
2.85212543321e-15
1.10867217637e-15
1.90028588879e-15
1.8735612664e-15
4.20337860924e-16
2.42897168471e-15
1.17347694347e-15
1.92546749988e-15
8.34761961062e-16
1.6119263596e-15
1.58341914661e-15
5.34946777485e-16
1.91687309428e-15
2.62697361507e-16
8.68453700198e-16
3.74195528675e-16
3.36318515566e-16
5.52053076555e-16
3.44899567294e-16
4.67368493347e-16
7.59548248749e-16
6.47356622562e-16
5.9424813744e-16
8.22724010058e-16
3.92036981362e-15
1.16239594608e-15
5.45394163921e-16
7.89926217021e-16
8.47150367707e-16
6.75664305178e-16
1.04952175746e-15
3.47148763877e-16
5.77837759476e-16
3.4480624668e-16
6.98954364563e-16
4.3070131906e-16
2.8661825982e-16
5.13762928842e-16
4.26666732992e-16
5.92563563507e-16
6.25815037461e-16
6.66783820314e-16
1.73725363221e-16
9.10883099398e-16
4.53177040813e-16
6.13124296335e-16
5.10372363255e-16
2.46066447875e-16
7.87287334224e-16
5.50002781398e-16
8.92317606681e-16
1.13094260505e-15
5.60646208886e-16
8.67423217269e-16
1.57762836181e-16
2.22491372709e-15
5.43325441294e-16
4.17129172801e-15
1.13728747068e-15
1.30436709733e-15
1.1408625546e-15
7.0075148536e-16
1.07472010683e-15
2.98148648245e-16
9.5180268055e-16
6.57185896274e-16
8.19482012918e-16
4.01076125214e-16
1.29816925632e-16
2.82539569913e-16
6.23913388415e-16
2.3670914905e-16
1.0740627752e-15
5.0023814921e-16
5.70921071573e-16
6.86830775012e-16
5.11450534136e-16
5.60523601691e-16
2.77227267252e-16
9.83115486775e-16
1.82761725294e-16
8.53996865704e-16
1.71787876108e-16
1.06627884256e-15
9.20989065375e-16
8.47775556959e-16
1.21272646574e-15
6.68915176105e-16
3.84265244107e-15
2.43070191137e-16
3.94166484489e-15
1.00939383426e-15
1.11605680639e-15
6.32972728984e-16
8.36917591449e-16
6.41084591147e-16
9.52739979937e-16
1.23684320568e-15
1.48249879346e-16
9.83773009141e-16
1.61922522613e-16
3.04026859069e-16
7.84590325565e-17
3.81299462087e-16
1.1481006086e-16
7.25345022529e-16
4.07247864738e-16
1.55889660294e-16
1.51679614755e-16
8.29176541232e-16
3.61812059286e-16
5.74747028023e-16
8.30851818162e-16
1.1807311931e-16
8.52948271472e-16
5.11181688068e-16
7.10914118366e-16
6.21820844704e-16
6.62756751253e-16
9.1551847929e-16
7.86773403799e-16
3.66378972542e-15
2.83408726422e-16
4.86875233356e-15
6.6139056387e-16
1.63025665409e-15
7.48946512169e-16
1.00033373094e-15
6.6498409661e-16
7.7415337562e-16
6.22901652322e-16
1.21373415752e-16
5.33333796776e-16
4.78290298325e-16
2.82756941499e-16
5.3201565525e-16
5.99096999341e-16
2.67052753354e-16
3.35761139147e-16
2.00396492169e-16
6.28981387321e-16
7.11578128416e-16
5.98556036666e-16
7.92802705455e-16
4.196952214e-16
9.4710994327e-16
1.84551734066e-16
9.12520817731e-16
7.5603880961e-16
1.02668584368e-15
7.88042961236e-16
1.66878305493e-15
2.49411846055e-15
1.1371418839e-15
6.49651407065e-15
2.65029266007e-16
7.15682972141e-15
1.05517664304e-15
2.98234895041e-15
1.27798273778e-15
1.52710130735e-15
1.53253610004e-15
5.43208370295e-16
8.10644648863e-16
2.68360684409e-16
6.59595670222e-16
1.60348590545e-16
4.23318086601e-16
2.01927321568e-16
1.90820654553e-16
4.59011549619e-16
3.42074177686e-16
8.71705232369e-16
5.83171758619e-16
8.74836429148e-16
5.71356307346e-16
6.78239413904e-16
3.63334059434e-16
1.28490345566e-15
1.61272118196e-16
1.13941531714e-15
8.14802582902e-16
8.97872953833e-16
1.33805206461e-15
1.31863320192e-15
2.95757807928e-15
1.13987823711e-15
7.64346350814e-15
1.82337725823e-16
8.64714326959e-15
1.60813137048e-15
3.66296687651e-15
2.04186543349e-15
1.54534908877e-15
1.40356351332e-15
6.93987728127e-16
1.45933458072e-15
2.24200632195e-16
1.25996536391e-15
5.41779274844e-16
6.10586656777e-16
7.44793095897e-16
6.09314910422e-16
5.240342713e-16
3.21823274472e-16
2.19846109781e-16
4.00186935143e-16
5.93293227198e-16
2.70114895884e-16
3.03995790326e-16
4.76850651905e-16
1.09210165836e-15
6.96257756369e-16
1.12091977734e-15
2.26965571833e-16
1.02582478424e-15
1.52889900225e-15
1.74849407818e-15
3.66139589676e-15
1.42301339884e-15
8.51398157535e-15
5.3292097326e-16
9.64552237111e-15
2.21980193102e-15
4.42743277155e-15
2.97723996411e-15
1.47584800443e-15
2.08218707409e-15
4.36251490884e-16
1.44553546355e-15
7.82954486939e-16
1.37160502294e-15
3.70793619779e-16
5.85166565729e-16
4.74209169775e-16
5.78695302696e-17
1.16352285304e-15
5.55856871257e-16
9.78296128705e-16
1.06973093444e-15
6.83602815253e-16
7.45762504811e-16
2.88724240599e-16
4.7587093701e-16
5.17294935424e-16
1.18718146538e-15
7.74221957005e-16
5.56284441953e-16
1.24008091773e-15
1.61819685693e-15
1.73573124082e-15
3.77217710405e-15
1.11617888826e-15
7.68157970044e-15
6.34304391319e-16
7.88453281975e-15
9.84017732044e-16
4.10334797638e-15
1.77370584373e-15
1.75028183994e-15
1.43500894826e-15
4.95541637577e-16
1.09908000795e-15
8.60789667172e-16
8.39428149517e-16
8.91376704621e-16
2.29807465473e-16
5.02120543748e-16
1.0791285643e-15
3.61802788509e-16
5.5693587231e-16
6.27244018253e-16
6.22468631884e-16
3.38634560153e-16
1.22181426005e-15
6.47736889584e-16
5.3788203231e-16
1.04210803169e-15
7.21959702871e-16
1.14241718652e-15
3.82969759924e-16
1.53458637486e-15
1.9763749604e-15
2.57562289771e-15
5.0348245473e-15
1.97577067943e-15
8.86290692836e-15
2.61492646137e-16
8.97891582359e-15
1.13818026643e-15
5.13505012602e-15
1.85392484246e-15
2.40523825257e-15
1.5108943308e-15
9.35293133644e-16
1.30278616419e-15
7.43047111387e-16
1.11294795133e-15
6.85891501264e-17
1.7601140645e-16
3.15455803212e-16
9.44397199081e-16
1.67847838195e-16
5.45813557927e-16
5.54829675286e-16
9.56299778546e-16
7.87465002546e-16
1.73881038341e-15
2.07632904318e-15
1.51103049624e-15
3.05278483081e-15
1.20241864152e-15
2.7998616991e-15
1.49130888462e-15
2.77039762271e-15
3.29587215753e-15
3.85522612478e-15
6.83330781213e-15
3.23779184949e-15
1.02874908571e-14
1.61224394976e-15
1.07767335412e-14
1.74136701505e-15
7.93672191814e-15
3.07143149813e-15
5.04178775402e-15
3.25016969921e-15
3.11730311618e-15
3.35371275394e-15
2.59384107893e-15
3.78773329906e-15
3.19372902849e-15
3.44643420233e-15
3.57760707425e-15
2.59912930319e-15
2.16184827108e-15
2.01414909957e-15
1.34729570695e-15
1.75387648493e-15
1.45105282619e-15
1.77054557628e-15
1.29404500475e-15
1.65208122365e-15
1.94243890445e-15
6.82374449775e-16
1.76721768081e-15
1.32866798312e-15
1.66856381922e-15
3.51257803233e-15
2.05466052177e-15
5.92700272307e-15
1.85144133243e-15
7.99306631856e-15
9.31560080665e-16
8.68675992413e-15
1.30275155863e-15
6.67867977532e-15
2.76616250336e-15
3.20313298222e-15
2.11233707855e-15
7.68206260541e-16
1.04225958899e-15
7.22422114649e-16
1.89245170673e-15
1.48925407469e-15
2.38943129554e-15
2.14915931281e-15
1.50305523416e-15
1.54300445417e-15
1.05648649842e-15
4.11341312682e-16
9.34811582516e-16
4.55146530307e-16
7.05852409256e-16
1.3198047244e-15
4.92416552502e-16
1.87610584895e-15
1.16741274071e-15
3.32103572301e-15
1.22829614756e-15
3.73190596501e-15
3.94279703087e-15
3.21965724855e-15
6.02429243279e-15
2.98845065056e-15
7.76092039392e-15
8.80254757189e-16
7.64657191098e-15
1.52856142833e-15
6.79815353007e-15
2.43673300098e-15
4.43092526564e-15
3.13049839323e-15
1.33070672148e-15
1.78394029514e-15
2.78822526329e-16
1.04755912714e-15
6.0681905563e-16
7.68220988387e-16
1.46993636033e-15
1.07182100589e-15
1.01569263651e-15
7.28100936452e-16
7.09182715053e-16
3.92200906224e-16
1.08008651559e-15
7.40102560197e-16
2.15609641754e-15
1.66118778095e-16
2.51625369267e-15
4.92924925945e-16
2.70776383932e-15
1.54201537227e-15
2.38574167494e-15
2.59753366747e-15
3.23520284756e-15
5.07513521693e-15
2.45603106084e-15
5.30700328e-15
7.01685266608e-16
7.14573553667e-15
2.46146451428e-15
6.25998487201e-15
3.37763068087e-15
4.07315987433e-15
3.49424370299e-15
2.14507326687e-15
3.41762998281e-15
6.2474206745e-16
2.49745811055e-15
1.08558188076e-15
1.64193648655e-15
1.49796949811e-15
6.38019130762e-16
1.53308888017e-15
7.52674960587e-16
1.49611949432e-15
1.31689364404e-15
1.52044958645e-15
1.12362106574e-15
1.6059484168e-15
1.24610460793e-15
2.10870433618e-15
2.39268368359e-15
1.43072659968e-15
2.31369093687e-15
6.26886541678e-16
1.91690611062e-15
8.68716115466e-16
3.20767170454e-15
1.54256287149e-15
3.02544430167e-15
2.41846720627e-15
1.68583559985e-15
2.79636919996e-15
3.78026024691e-15
3.53726913591e-15
2.89009899533e-15
3.81703924637e-15
1.77790294487e-15
4.01821452771e-15
1.1330570204e-15
3.98361387162e-15
1.11241028799e-15
4.5376511041e-15
2.15077320957e-15
3.12445789556e-15
2.7958339712e-15
2.16705070217e-15
